4000
2485 1744
2797 1999
239 3465
1892 3549
1010 2768
1955 2368
3952 3476
934 2936
3423 1004
1130 140
1152 3402
1175 1816
2723 1641
3731 3082
1394 754
2071 191
3111 2463
570 61
3918 2203
2680 1542
3208 947
3384 1405
2885 748
700 3045
2437 1127
3546 3507
2849 2186
91 1316
1525 3011
1401 577
3159 2891
3535 2269
3393 2876
111 975
913 3580
1964 1636
3026 1088
512 1543
2032 1349
2220 41
2821 1603
615 2690
2092 3984
2751 3975
2631 464
3088 1083
595 705
414 1821
2396 1027
1039 690
71 2029
292 568
67 194
2093 3291
50 1390
479 1890
424 428
1402 1572
1115 3704
3711 3004
3914 1450
3041 942
2183 3505
1126 2016
2756 3631
2853 627
740 862
1283 1260
1304 3842
1973 1611
2610 1244
678 3
1703 3207
1941 3121
1782 1292
3180 3532
2415 3432
3920 2131
1986 2929
2243 942
3245 648
1855 555
1543 3222
803 1155
2961 1075
1831 3388
1517 2126
1876 1842
669 3060
880 2969
2099 1858
3718 2482
1251 2427
1579 24
2790 796
2502 1814
3431 2664
1890 3045
378 688
1714 972
1805 127
430 386
3965 2047
2647 1038
2150 1144
1280 2849
2210 3116
1873 205
2262 3712
1094 1521
2163 3793
212 2876
3352 917
3006 454
1884 1251
3855 1616
2148 162
704 2977
276 3456
581 579
3069 1575
2102 3343
3092 1218
217 299
3765 499
3690 3669
3575 841
864 2114
1270 1695
2446 3125
1206 3870
163 2859
563 4
1791 2183
699 612
1881 3910
3574 2596
3421 953
132 1044
3755 842
257 1586
2076 1873
1427 495
3149 930
2992 1729
2349 593
2367 1189
2708 1990
2960 2597
2560 3931
2555 3801
2118 1104
1410 3979
102 3871
1200 1617
3627 1795
1834 3614
1510 724
1516 2058
2224 1256
160 812
711 1563
3066 1129
485 203
1986 2569
2758 2743
3931 2488
3768 735
2898 272
3550 2340
2679 2002
1208 226
1699 436
1732 1979
2914 296
430 3005
649 513
1733 2355
1917 869
959 3773
1424 318
3540 2029
1325 531
881 757
3208 920
2803 2708
2802 2668
1064 1738
1209 2787
1764 2800
3578 95
665 1152
1344 1109
1994 1130
1257 3845
3417 173
1935 65
2781 3581
1889 3728
1277 1623
3557 2023
3158 1871
2073 238
2273 1239
3234 3902
1712 2230
2428 777
982 2345
3905 2586
2203 2170
3573 1065
1896 3381
854 899
2848 2809
179 3701
547 2873
2786 2657
1499 3841
774 2898
3740 2731
1146 2604
3342 2742
3034 887
173 2128
2329 475
3805 3482
2613 1968
2579 1481
1206 2685
2382 2478
3325 2592
2338 3364
2274 264
1165 1812
1997 1940
3295 3952
1401 1050
958 1358
2399 6
2284 3795
3899 12
185 3469
2525 3868
2394 1706
2147 150
1512 3072
3710 1347
3837 1424
718 2633
938 1925
876 3819
1779 2389
3388 2750
3560 3970
2666 686
3563 1124
2732 2716
666 621
370 547
3929 3437
1464 1353
1960 2858
72 1696
3599 2836
3960 1372
1635 2133
1919 3183
1029 1565
235 3365
1598 1649
2281 1915
564 674
1496 1882
871 2436
717 452
819 2402
1861 1111
494 2563
1622 1139
2712 1096
1841 2674
3760 2079
2044 360
3795 1668
3284 3481
1197 2441
1256 870
3475 2833
1042 646
2316 1946
1376 2565
2730 125
1288 1472
3359 3404
2738 2175
2931 291
3921 3184
1652 105
2568 2306
3617 3603
3968 1125
1739 1477
668 2573
1271 2279
3767 3695
540 3416
60 1811
2166 1998
954 1971
1287 694
639 416
3441 2382
1674 2046
1867 3779
3992 3087
3021 1174
3355 2274
546 1535
3915 1331
1827 1546
318 3398
2796 262
3819 1192
1907 1717
2453 1749
722 1610
2874 3216
2125 3637
789 2221
2015 2182
2968 1098
769 962
1092 3809
3567 3712
1069 586
3679 3687
3936 2757
911 491
3634 3396
2738 3743
2115 1504
1585 2860
360 299
1157 535
2857 2843
2169 3100
260 2894
810 2766
1144 3277
1350 1213
1962 1439
616 1759
1470 3435
763 541
2785 2184
1370 1118
3713 2908
3928 2129
1203 467
281 1888
2795 1205
3280 2461
2400 3682
3169 1618
3556 3762
3893 2494
3240 2998
1016 2991
1883 3802
2907 2926
2704 3823
1108 3271
3558 3192
1426 3657
3166 61
3462 253
2097 290
3174 2209
3759 678
323 3047
2934 3057
3993 409
180 2584
157 1172
1038 3470
140 706
1230 2700
1161 3743
2465 2078
1667 3769
440 626
1 1043
3496 3091
2417 2197
2739 2590
286 995
284 2231
3068 946
313 2586
708 3788
336 282
3164 3700
58 3144
1653 3976
384 3689
3385 3656
1943 1720
3297 760
1420 633
195 1240
969 3620
1222 3672
3823 2531
1907 1234
1276 600
2617 1895
3022 2376
2290 2546
545 3595
1980 2574
2486 2744
1783 1021
3018 3635
2712 28
2687 387
1651 3213
3132 3671
25 3298
3745 825
1504 2291
941 2745
1569 2043
1984 687
1447 973
1382 3809
2287 3717
3014 3652
2542 3756
2098 2672
1181 3569
3077 1001
834 1686
174 3291
980 806
3983 414
3099 1045
2677 1446
29 858
1845 71
2632 3316
793 3197
3207 1571
3680 3281
3675 827
2583 1767
2033 2066
190 2223
2660 705
2475 940
1148 1666
1839 3170
40 244
1852 1478
3442 3329
603 1551
2124 2360
40 1926
1159 2549
1355 605
1959 1446
1553 3456
2851 1730
3571 2056
1811 1466
3744 1800
3824 3473
2265 1853
814 2551
1197 3536
410 1532
505 1464
922 651
3909 3071
1534 2467
2358 960
3921 98
936 1963
1262 3953
2054 1444
2188 2634
26 739
3772 3926
2529 2767
2931 3397
1384 804
836 3457
167 2754
1340 3275
1572 2438
836 1468
1761 1977
1956 2302
2135 1136
2350 113
3135 1916
3920 1535
3592 1221
11 2260
1301 1233
2336 551
2123 599
2912 1713
752 2146
2665 3481
3037 650
3348 3683
1541 314
3241 1032
1747 2717
3725 762
2880 2990
1818 3938
727 2514
3450 3653
3758 2432
1323 150
1872 3447
1549 3409
863 839
1467 3411
1671 513
623 2676
3369 2049
3111 2987
2808 3511
2357 721
514 2643
1201 3379
191 701
479 3624
941 544
1160 1901
2075 66
2560 115
3916 2116
1555 2230
2915 2817
3274 605
3460 2813
810 649
2186 629
369 137
1513 3477
431 234
779 2123
73 3753
359 518
2732 1921
3273 2871
3383 2065
2415 3189
3179 3433
1020 290
1576 3692
1656 2514
1897 3641
3995 2430
184 2649
1768 3293
21 2588
3185 1419
2819 2833
3996 3249
2361 1931
1624 144
1418 1556
1302 2488
165 2994
894 3529
2338 3943
3227 2721
552 2396
368 2705
2916 2494
2722 1743
2597 2534
3783 1379
857 230
602 3737
3575 1041
2449 3515
728 3994
69 3997
2917 3895
3490 2763
3211 2996
1898 1631
528 3250
1380 1360
2781 1509
470 2144
1877 7
1738 2174
328 3514
794 3897
588 2313
3709 187
2080 2648
2638 3821
206 5
1627 1275
2674 1891
3638 3044
551 367
1113 3020
1848 2709
581 3912
2154 347
2427 3120
3791 2172
228 755
3119 2496
1887 3146
1185 624
1147 2179
2198 1321
3307 2884
3585 1776
675 3498
3051 110
2633 1154
2235 935
2174 3923
588 1741
2888 2826
679 2835
3458 1305
918 1286
2103 819
3986 1096
3506 3151
2303 18
2640 1063
3450 295
2086 412
3371 3927
939 2600
976 97
892 600
1930 3000
1213 2591
3292 1620
2401 3710
658 2697
1030 2276
1584 1548
2685 213
1408 2866
3875 3740
2683 324
1770 2492
3058 1453
385 1052
3031 1184
504 2277
1840 381
3977 3324
2999 823
2886 2594
3277 3528
3667 3195
2319 1539
1176 895
1734 1573
1311 238
1465 3283
388 3665
1461 353
2757 3302
3314 1842
872 2420
2428 1994
2646 1472
1562 3192
3605 861
347 1659
762 978
2096 2920
2791 956
287 3325
1274 1048
1880 2020
1260 285
1429 1835
935 653
2950 2481
3596 1615
3966 2003
1220 3923
91 1787
1711 1953
3335 1989
1035 548
1581 1354
3948 129
2333 2004
3016 752
2555 163
1000 3063
3754 3875
2619 1632
1527 222
596 896
1245 610
1513 898
2307 1284
3852 3148
3464 107
2845 2788
3308 2379
1374 109
3904 2907
2864 3127
3658 250
3301 1598
1022 3569
1868 1316
2327 3655
1094 2903
2452 3887
845 720
1996 2439
3695 549
149 1951
3289 3154
1827 2164
1487 2206
3811 1425
2461 939
1110 2850
240 384
1400 2470
3181 3599
1594 1960
2531 1804
54 1351
580 2837
2095 2503
602 2227
1736 3994
1595 1073
143 3019
153 622
778 1261
843 3852
3134 3652
2644 1474
298 2840
3146 991
2807 1742
2653 716
2326 3282
193 1631
1177 1498
1162 832
3601 1248
3933 2506
340 259
3448 3351
2005 1442
1314 3924
261 3975
2060 1097
2229 592
2268 182
1227 3410
2934 3504
2547 114
119 3643
2893 346
2973 758
1630 904
770 1946
416 1879
1569 1322
655 3095
116 3333
3023 937
3489 2308
2499 1473
1063 1646
3178 1336
1561 2966
2823 592
2918 2180
389 2342
681 2421
3463 1771
2654 3529
2734 2513
3930 572
2000 3810
375 948
349 644
484 362
3391 2612
945 3017
1422 3226
472 3252
325 3980
3859 3570
2060 3245
1574 2047
2512 1042
2244 1880
1485 1580
3989 1211
1808 3177
1603 2410
917 2046
2852 3162
1207 3209
2922 392
2805 89
432 2711
1247 3950
2526 3562
226 1862
2843 587
852 1192
573 1495
2539 88
476 1099
1241 243
497 3835
3172 2381
589 2937
1331 2008
3854 852
2087 1453
3171 2906
2067 3058
2346 2055
1290 495
350 83
1710 2222
779 32
456 1103
3618 62
730 392
1933 3796
3032 421
710 1432
2861 721
1918 768
3226 3083
654 3133
3661 1629
2045 1526
1786 2863
3797 3164
1492 31
1781 1355
958 1458
3290 1156
1969 3217
1813 2670
617 3668
865 417
3102 2979
1348 1154
467 36
65 1893
1159 2791
2335 3803
503 1143
1894 2502
1358 1560
2077 183
2600 1438
1544 1675
2024 1037
594 1772
321 1241
117 361
1398 1076
2744 968
1867 3736
101 3763
3275 3770
2447 408
1179 2774
3989 1307
973 306
93 2775
2553 1721
146 130
2891 1558
1357 1622
689 2257
674 1249
2034 3905
2181 3984
534 640
2719 1319
1806 3096
2705 576
2375 746
1941 713
2765 446
3789 275
2247 2540
3358 1263
1698 660
1945 1840
1552 48
2921 3677
2957 1379
1498 2316
888 2921
3707 1356
1290 2330
1150 2875
1633 1945
1301 3103
3663 2049
280 2059
3627 805
2393 477
3272 3868
1036 3864
3407 1133
1992 1055
1648 3411
3759 3757
1015 1428
1854 44
3778 2172
2038 1026
1190 3114
3181 764
3274 1397
1537 308
1655 1347
3613 3782
1723 833
3310 553
2558 3668
3911 1164
840 2212
1199 3716
2191 1961
1050 1103
2924 768
3487 2110
1482 2299
3415 2378
522 577
2341 1928
3808 1564
387 2165
2025 417
3024 282
1070 685
1499 498
3509 4
1646 2673
3785 1721
3300 3157
1014 691
1138 1831
3534 2972
648 1293
992 1116
3282 1862
3973 2389
1948 785
1899 2213
64 2137
168 3903
2479 539
2904 2688
1629 1087
750 3312
2314 1280
3487 833
2134 2320
219 3293
266 3888
3523 388
1606 3660
1473 3175
3465 3101
952 3891
3619 3426
654 294
831 3453
1546 1848
363 1411
3969 2091
3580 2696
3804 3110
1041 2697
1018 3916
2720 751
523 3933
3737 2285
2816 1370
2694 250
3513 3784
1227 3148
3607 2647
2171 3978
562 1194
3827 3894
1978 3053
2525 3634
1608 2433
1170 2713
3042 1228
1624 3002
284 1896
635 1874
398 2022
2255 2606
2242 1409
1220 1652
1601 3439
1454 1846
1536 114
2128 175
2847 2489
693 1719
3639 2572
1959 51
2670 3339
248 3908
1758 1520
3221 2205
3893 3644
1186 2439
1463 1918
2927 1826
1389 1341
2078 1665
872 1495
559 990
3001 3912
1550 3766
2582 3340
2691 2297
1067 2105
1255 1866
242 2420
1727 3626
3881 3802
3576 2668
136 2715
2331 1158
988 572
235 3751
3161 3939
1174 2798
1164 696
3943 741
1061 1588
1124 552
558 3061
511 2451
2119 2366
1913 186
486 3492
1390 2789
1768 453
3790 1049
1549 2882
1345 583
99 512
1684 597
2518 730
1508 471
2397 3497
1388 1250
919 1068
358 1336
2678 2942
2079 693
102 3294
1402 2394
125 3452
483 1791
3445 692
3430 2854
563 2220
1158 2614
491 675
3776 653
3570 9
3091 3316
2239 1932
1087 2212
50 1122
657 2733
1977 1844
3270 297
377 1182
797 3508
2083 560
564 1231
0 375
2997 1838
2865 2081
2729 1753
631 3086
2807 3500
709 3098
1046 2589
1253 3067
3623 2255
2353 2877
1971 903
3279 1136
389 78
2094 1010
265 2933
716 2854
3590 1529
1361 1596
2392 3264
1039 686
1120 3645
2490 2774
3158 161
100 2171
276 1180
3733 3113
1077 1386
3723 2834
991 92
2153 439
3750 2298
2356 2686
3642 2590
3847 2487
1459 912
3697 2318
1751 3909
164 1952
1731 457
1477 1071
490 34
1908 3816
3205 501
2471 292
3806 1551
3648 2053
166 3015
2117 983
3243 1396
3391 1822
1319 1628
876 3332
715 2751
2944 943
3067 2431
2518 1080
3825 809
3696 3679
1596 155
3735 354
2918 1394
1369 2073
2323 3621
2565 2740
3401 3094
3479 1122
3691 1226
481 2658
2004 993
2949 850
398 2622
2815 3840
3824 26
2629 3925
2856 1373
1688 1476
280 3690
338 1287
123 1866
1522 822
2963 769
2321 1669
3204 3012
3187 1902
3615 2614
85 3689
1762 1807
1702 2635
1310 87
853 532
2337 3403
787 2253
3385 1576
1536 3036
3945 3236
2865 3687
2072 3787
2702 3011
3527 1266
3347 837
1057 931
1153 3778
1540 3794
858 1886
1752 269
1786 1776
273 3510
2363 353
2448 2701
1637 2908
3832 3844
2975 2254
641 3980
2552 2559
466 2367
2682 2021
166 2970
109 2584
1780 1505
2211 1480
2852 3214
1312 801
1193 3555
3807 3092
2182 2425
2593 1128
3753 3454
3278 3822
3942 2378
2986 1688
2989 2571
53 2978
1211 2036
1965 2879
2498 2102
2322 974
1410 3431
3972 690
853 557
1912 3483
3581 1939
3894 320
1997 746
1365 1760
223 1532
928 720
970 640
187 620
92 448
1578 271
499 3213
536 1017
2704 1983
2701 3395
1774 3502
2651 2830
3700 1255
3081 3218
3336 2068
3108 3806
1275 571
2257 3059
3449 3686
2896 3039
229 1799
755 1450
2684 3264
3611 3999
1985 1914
1924 1526
270 3870
3225 1916
2013 3789
1009 1308
3228 3365
3944 1080
1434 2521
859 2384
2374 1978
1007 1318
1923 3901
2886 1849
1382 2627
1558 57
1712 2124
1745 488
692 1324
2897 1266
2381 1993
3163 2811
1657 3097
3573 3796
45 3097
2173 754
1484 3541
2035 121
1208 1828
3588 2823
1411 49
3088 1291
3591 3436
408 747
450 2515
3233 2315
2459 2964
364 1769
1748 1889
3337 566
2532 2813
3990 2189
1073 3367
2261 3598
3839 975
870 3707
615 2438
3522 3670
3500 1681
2731 1352
630 995
2192 2746
515 2160
2236 3958
1269 808
2778 2445
2655 1476
1582 2919
3726 3101
438 1595
3884 780
43 3338
3957 2298
1927 1538
2689 711
60 534
3202 2936
1054 3419
3285 3426
2672 301
1452 2953
1364 1244
3041 1553
3412 1460
3625 725
3244 2317
1101 1902
1471 1725
343 1661
2251 753
3494 2871
1024 3361
2706 1328
587 2537
924 2417
2500 3242
2106 1363
951 3106
2554 1562
3261 805
3590 2069
86 496
3023 1229
2283 2961
1704 3586
2562 1342
2504 2575
3839 3276
2636 3073
684 2353
1309 207
1930 2952
2480 1692
2481 2483
3006 1740
665 1302
1592 3206
1106 1377
213 3199
3447 728
1430 1527
782 2392
541 2147
2448 656
2082 1817
3963 262
3568 3793
601 19
3598 2474
1876 535
806 3123
505 2874
734 209
2104 1542
3553 73
3967 2409
2935 2164
3287 420
2495 383
2764 525
2232 3471
1391 2637
3876 2055
3880 521
2676 1282
1726 1110
2039 2821
3698 932
429 1405
1765 2113
1837 1633
3066 2645
3572 2607
490 797
3035 1752
694 31
391 400
567 131
2462 3390
2301 2306
157 1600
3309 893
878 3276
3102 821
177 2808
1228 2233
2564 3782
1188 1559
1524 726
474 3167
2141 1856
3721 1239
896 2064
990 1793
2351 3729
1608 3263
1607 196
204 3210
1494 462
2364 2424
2370 1333
926 100
3635 3862
549 2630
3345 3887
3703 2570
2470 1196
604 1165
516 1254
167 3708
1479 497
435 1686
3886 2187
3982 3052
3374 2064
3345 478
198 1772
2061 1908
307 2386
1496 2820
2360 3405
3440 1910
2088 5
2484 1366
110 2151
2699 1417
3876 732
3468 365
3326 410
3356 1344
286 3638
3582 846
3068 433
1481 2972
3798 197
1434 2988
2350 2658
134 1456
2042 399
2050 441
2300 3769
670 1790
1443 403
233 3366
923 3085
1134 956
724 2540
1755 379
182 3454
1974 229
3724 43
2946 327
2278 2224
3332 3861
3026 1683
1489 175
1523 2325
3877 231
52 1685
2403 3872
3443 780
708 2634
1036 937
3141 835
84 582
3112 638
2286 492
86 1783
443 2551
3354 2292
1599 2929
3820 1340
3792 1940
2805 3379
2089 3830
2743 3357
1435 3457
3857 122
2267 2135
2533 2304
1664 1226
1638 1730
3425 104
1856 3333
35 103
1056 3459
928 2970
2737 1585
527 3494
3885 783
3616 2157
2878 278
2753 3632
2761 2443
136 418
2906 3247
1501 2086
220 3493
1413 2362
446 1257
3991 2032
2446 2750
827 322
2627 967
365 667
3626 1578
3248 3089
2293 1116
3567 2569
1845 66
2487 1171
3370 2277
1920 888
287 1803
1060 379
2572 3400
3156 1701
3551 1787
1954 1150
2110 208
3805 3078
1797 632
890 732
1967 2112
1857 170
3692 3907
2158 2689
1851 487
3732 3537
3771 1665
3684 2197
2932 2069
3441 3493
1839 2319
2267 1912
529 3637
3850 2910
3350 1380
47 3539
2965 2449
381 2466
1566 302
3053 2098
1672 2841
2213 1530
3720 1906
803 450
987 1187
1117 1666
1810 1615
1463 2205
1312 696
14 2859
3160 2041
1708 2227
3171 1757
3007 911
1628 3722
691 2671
3593 370
2259 1378
1272 1056
2718 103
837 1448
1985 2033
1860 3392
3337 603
1612 1650
3424 697
3155 1466
1459 2161
2980 2501
2779 1109
1749 3464
1048 2453
1151 2793
2455 1670
1012 1493
1084 3792
611 1468
2663 2620
198 1567
2567 3309
3807 283
1829 1064
1976 2828
1810 3761
3661 2645
2140 2608
2225 2336
1419 3255
1404 3672
3579 2548
2853 520
2001 851
1114 1250
357 2287
1295 2963
1467 989
2294 1981
77 742
894 2333
3219 3927
2939 3657
330 2665
3230 3844
1327 2450
3470 681
3156 530
3220 190
575 2609
2524 1497
1507 3145
2881 880
789 2602
256 1480
2573 1995
3587 1218
2920 2125
2136 2037
790 303
622 3203
3350 3289
1820 2025
2462 2312
285 2127
2385 33
3046 1178
3425 1235
1454 802
374 998
2051 170
3926 243
2251 1447
3935 2741
326 3396
3987 747
706 2974
1967 3366
685 245
2292 967
2911 859
1750 1456
2408 3645
2288 2472
3153 2107
1273 3163
2300 3646
2653 3536
791 1781
2015 2354
2671 2624
823 3480
2845 3588
79 2601
2547 2693
1278 1775
1947 123
3964 2196
2796 3650
3304 3185
1508 2080
3673 1438
3851 1488
155 3055
2628 1963
759 1432
252 3837
2006 3402
2451 2282
3307 2442
591 1520
2620 127
2611 320
469 168
1458 2134
2541 45
2768 196
785 1970
2243 2869
2100 2158
3715 3954
3050 72
3827 3
934 1479
1264 308
2957 195
3731 3610
216 2609
3736 316
3612 2444
332 3742
1950 3820
2783 3401
1832 589
1928 3341
2414 1242
2824 3861
3771 758
2875 2945
3606 1547
3568 465
3438 2552
1865 562
2498 624
1351 1847
3446 2145
3685 1216
1720 1321
2061 550
131 2458
2472 3040
2375 2083
1196 868
699 3165
2297 1077
2802 1452
1915 2057
23 1019
2346 3301
2532 1956
1277 1034
2207 2698
882 524
1420 3019
2390 1097
3204 893
278 556
1246 3346
19 1552
2085 877
3908 669
1140 1242
58 3087
629 719
1137 1825
849 2490
3693 1483
2328 1081
1356 3368
1763 1252
2024 3873
228 1777
1328 3048
1040 159
2232 1528
1678 1105
2727 700
1692 531
3606 342
2881 812
2962 1425
1647 2955
304 596
2960 3583
3746 274
3734 2930
3209 2982
3231 98
3801 1297
1252 1871
1983 219
3826 2507
3244 1338
962 1000
1855 987
1643 3747
393 2862
3136 3956
2456 486
3416 1539
1012 3108
3451 3647
1870 3738
2747 3869
533 844
3009 121
3863 2748
1078 2522
2343 3069
3238 3355
30 3428
254 2725
1885 925
1635 1502
985 1270
3095 1900
1313 738
814 1699
3126 800
3335 3683
2943 905
2541 2815
2722 2535
488 3954
735 3495
2804 3544
3934 3313
2636 434
3892 1609
1812 1741
333 2426
3347 2146
1335 3511
475 376
293 2794
3741 356
3090 633
340 1932
3261 3055
2018 3857
523 3302
3509 821
2624 3872
371 1406
90 3706
944 1700
2656 1672
3846 818
984 1006
3964 979
749 2939
1225 2265
3140 3288
1664 2529
1785 3272
1705 3370
1320 3036
3259 2209
606 3495
1679 1123
2884 2223
3239 3821
171 1833
3636 3418
339 3659
2099 2926
1204 2559
3344 783
1223 3829
1170 1747
1737 2863
2457 1999
439 1234
3571 1782
1359 2249
3005 3831
419 1545
221 874
2456 2507
3311 3790
609 2275
502 1237
770 3107
2412 2894
3650 2395
41 2602
3937 352
1870 1619
1681 637
1823 359
3486 302
3750 2589
2948 2465
2386 1853
3748 1537
1311 1385
2252 2649
1547 817
2372 2679
3038 2308
2354 2896
3772 3749
1460 1909
3452 2152
3474 1132
2659 2916
52 2041
3684 2714
642 1156
145 3932
2558 3075
458 1823
2113 915
3177 1830
1167 3881
908 36
2162 1658
3096 3815
663 1125
445 169
1914 1003
3539 3957
2715 3556
892 2349
2928 466
148 3383
3079 1371
3855 2868
673 1198
2652 2742
645 2136
3924 9
2566 2825
3532 459
2235 3330
214 1975
3659 1068
3874 1743
1884 1605
518 1003
421 1040
2621 3680
799 2009
3670 178
3059 2650
3955 2459
792 3237
2406 2842
134 378
1497 3541
3217 2618
2580 683
2356 455
2217 643
1072 3682
3747 502
3965 3328
2827 313
3382 1736
573 3768
1423 3175
2489 2953
816 3614
3697 914
1013 393
2090 2637
1799 2202
1161 2067
1813 2020
3678 1023
957 397
2567 3919
927 1236
2500 279
964 660
3512 1350
3007 3484
2942 3172
230 2900
3706 877
402 225
2486 3640
3574 451
2773 1065
1115 3543
2626 234
2857 1236
3969 1921
395 3072
2835 2414
2699 3971
2755 1385
325 2724
1774 1265
1337 929
1414 764
3533 3860
3014 3141
3303 16
309 1574
3407 2167
3251 1723
348 485
105 3184
2905 3785
3469 1773
1718 3519
1742 2176
1074 2562
2301 3716
3340 1651
3622 3448
1433 117
838 2984
1815 3813
3483 646
2595 1879
3552 3566
2070 1604
2669 1318
1011 1858
610 1891
331 820
3947 2605
1819 1966
620 543
1860 667
215 822
3348 3780
2325 3429
489 3928
2846 2385
142 118
3225 2310
2951 344
2266 3211
2806 1413
3304 940
1364 3742
1243 1169
264 2922
217 2018
2581 3491
1320 317
1582 2579
3602 1475
158 1018
1201 1899
96 2752
1816 1606
3892 1975
3349 3230
89 3373
1863 312
2440 1796
133 1013
2130 3804
2293 1588
2188 3828
1881 682
2154 862
2771 3236
3189 597
1507 3224
997 1177
1968 2885
448 3754
204 1189
3298 374
1384 1713
1224 1445
3362 409
315 1383
3427 1091
2140 1863
2194 67
2144 2959
3360 3228
3150 3585
1015 245
442 1949
1678 3256
3521 1157
3104 1875
1814 256
1589 756
1300 1274
2017 2520
1478 3938
2023 3182
3110 3253
1779 1780
3534 3202
3116 2143
3458 3061
1679 793
3143 17
3616 594
241 1662
3084 712
3043 2538
2941 2362
1556 1725
569 3022
3142 2401
1230 1792
1505 1766
1153 1650
1219 1372
2595 2959
3745 2869
128 3142
1728 1183
2816 977
1026 181
2127 3538
1293 3604
3042 3932
529 960
1404 1020
1123 2342
3399 3212
1291 2180
2677 2830
922 1849
824 3349
2466 2856
2831 2626
1998 1700
1732 3699
1175 1075
1885 3214
866 463
3190 2112
1343 1962
1407 3696
759 2725
20 2013
372 1249
345 224
3117 2405
449 1748
197 2429
3675 881
1276 1773
1258 2327
3867 2841
2115 321
305 3632
2520 2
795 1486
2549 695
2538 1614
2974 395
3843 561
3776 855
3393 2137
493 571
1168 120
268 1492
969 1644
556 2528
1518 913
554 2491
2536 279
3368 3478
288 949
2320 2899
220 3752
3548 3653
2831 3613
1111 8
151 1843
1238 2089
3749 1966
1089 1935
2736 1754
1682 2638
2482 1398
2641 2120
3631 2399
3777 3662
3846 3818
1690 3822
3646 2117
2387 2793
2413 277
3714 3841
2408 2094
1324 910
1702 3601
1972 574
1887 258
3547 3054
1942 2656
1093 931
1693 2454
1541 3520
2889 1264
2607 2036
614 3183
2370 2734
380 20
2460 1809
722 1590
1903 766
2635 2194
1790 2062
2270 976
1107 3673
1874 3323
2040 2435
1675 2002
866 1808
3770 1339
3315 3170
1086 56
3235 661
664 2837
1793 1683
2937 2077
1131 3548
3398 1639
3353 2618
2218 566
2912 1905
2355 2811
2762 3295
2984 440
2829 3866
3929 438
850 657
2109 8
1970 2006
1991 211
139 361
1724 3203
550 1591
3281 2758
970 3000
1828 1850
3319 3898
3455 831
2193 3468
2804 712
2982 3223
1422 2667
3412 2726
1719 1304
2501 1690
802 2303
703 3906
2544 506
3359 1357
1145 3018
413 428
2710 1168
1326 3086
2779 726
476 961
142 462
216 2383
887 2179
3434 2474
2516 2010
1642 3280
2126 1067
2450 2851
2622 1926
2118 3775
252 3462
891 1345
88 3674
2234 1577
2475 3240
2280 1441
778 2829
3149 55
2639 406
3958 3584
1511 1739
2334 2673
2895 1617
3693 3200
2987 2576
1093 3513
2159 2909
628 2249
3322 2709
1521 1689
3756 1135
358 2044
3386 1317
2574 1070
458 2755
254 2328
3856 1202
538 984
221 2145
2966 3428
2517 2954
1788 2593
1395 2550
3235 3835
2469 2272
1778 3552
1409 3714
1525 3880
78 212
2206 2161
945 3050
1801 2457
1028 2644
3215 3945
1708 2065
3941 1602
2523 2537
2468 3913
3531 889
2995 1147
1362 2575
2782 1303
2887 651
2199 1762
828 2185
3012 2964
3725 1740
1835 471
613 3953
461 2827
2026 3869
3527 2737
1007 3435
200 2314
160 54
855 3137
2377 3360
2260 3380
3934 997
2625 322
1085 998
1726 519
2380 2623
617 1951
1832 3891
3901 3475
14 3060
2995 3166
3144 255
2003 1403
3572 3430
240 1544
3178 2275
963 1824
3752 2200
1958 558
2150 1217
1901 3229
2369 636
354 1237
1982 3897
383 2803
565 2296
3879 1060
3080 3373
1047 376
129 2191
3238 3723
510 689
743 2564
3196 1511
1838 914
372 2001
3254 2458
897 3649
225 473
658 2271
1142 3895
3406 582
2219 1990
2393 3003
2527 2766
3479 355
3561 1938
3048 3732
3346 426
1333 3358
2452 162
1100 2814
2799 2309
1445 2844
120 2621
908 2902
244 3577
394 2651
2580 126
2247 503
3233 2810
2236 3542
996 3518
3709 2509
968 2187
2682 1789
906 380
1362 3950
1627 826
3562 1415
1245 3666
955 2976
2129 3267
3729 761
2902 3265
2506 1281
921 1559
2321 2317
2707 3767
1548 1660
1653 1621
585 1619
124 3915
731 3326
3343 3120
1735 1283
3004 3137
2888 628
3797 1563
1045 371
1437 889
451 3563
857 1524
1685 2493
1703 2996
2692 2413
1687 452
1457 3440
897 1449
2369 3600
2030 2434
3114 3676
2576 3946
2890 425
2726 3098
1618 1893
1436 1272
3155 3008
2892 1285
1852 1785
679 598
3864 1640
2409 2348
32 3788
2059 315
2031 329
2717 1995
604 1764
1696 427
1605 625
1212 2122
3303 2727
59 2062
1371 500
1992 2592
2499 3453
643 1802
1366 2735
3384 298
3595 404
25 3641
1579 1924
3744 1259
3051 2165
1599 2207
3799 1949
761 2242
916 1278
227 1707
3377 2419
2331 3665
154 215
3083 30
1911 3070
2680 1904
2748 2971
3376 69
1167 70
1315 2583
3900 3698
3885 3279
3611 543
1634 3904
2965 903
3162 2347
2121 1833
2000 39
2304 3472
900 3033
3724 2838
2820 949
202 578
3686 2278
3103 2561
3143 3688
113 3545
3165 3907
3849 2675
2082 2661
2504 645
2103 2007
165 1374
218 2166
1587 1503
2395 233
2238 1753
2591 1706
1229 718
1612 3212
1709 2348
2623 1641
3265 259
2639 1095
1570 456
830 2867
75 199
1634 1654
3998 3357
422 3826
2053 743
2667 3828
3854 144
1704 2544
1387 815
2424 575
3117 2153
3757 1722
1117 37
553 560
1135 731
3999 1062
886 932
1800 2169
2388 2846
3647 707
3222 1673
601 784
3323 1388
3979 1296
1437 652
444 2133
1625 2311
289 3197
3317 1707
311 2721
1169 2956
3013 3691
2615 1714
3361 473
130 557
434 723
83 1841
3025 2071
227 1851
2050 3176
3403 2598
782 3044
1232 2806
2322 2495
1399 2478
445 2403
3676 659
189 348
2318 2993
1604 999
3530 3592
3145 2515
3941 422
1143 647
323 3260
3948 507
3899 936
3630 1701
1342 687
3052 965
2801 1407
3512 3188
2797 1112
733 565
3049 3815
1184 397
2014 2784
2923 2818
982 595
1518 790
2411 2241
3127 3508
2546 910
3925 470
1643 3167
3118 1053
781 1269
1826 1209
1475 3699
3764 873
224 2642
2776 253
2045 808
1265 3761
616 966
2168 2543
2335 2359
2753 883
3321 1509
874 419
3093 2291
2519 3046
1593 1519
1074 584
1864 351
1233 2289
2312 2585
237 3154
725 2019
2522 3766
3490 1431
3262 2882
366 904
3678 1931
1148 55
2193 2192
1717 3008
1231 3738
986 1491
112 2958
2107 3794
2149 1557
2240 3352
3688 1587
1204 3418
1589 1564
1188 2269
2245 3719
2990 3505
1607 670
763 1313
2657 2563
3528 1461
709 469
3234 336
2084 494
3078 1104
300 3269
1517 1114
3619 390
108 652
3651 2765
1166 3777
3836 2279
2357 2832
920 249
817 510
2899 608
1052 781
2334 3270
2924 2418
2051 1722
3199 3919
1141 2347
2817 1947
3258 1431
1991 447
42 2419
3935 2476
412 1626
3949 3201
1794 2690
2955 3317
1716 2733
3351 2199
3429 3485
1705 1139
115 636
2941 2416
3873 2253
2114 2880
3405 149
2063 2030
756 952
2762 1416
776 964
116 3389
1121 3188
2980 1923
2512 3220
3882 2893
3322 703
635 1529
3174 772
1920 2812
2402 1979
3940 618
3017 846
3662 3241
2442 1571
2832 2341
2556 56
481 2606
2954 2989
851 1119
2769 477
2464 2433
2773 3521
2344 869
210 480
2149 993
3871 3504
3015 436
1668 2615
951 2578
2985 3993
2587 1009
1709 260
1146 815
1090 2473
2035 3651
2485 3507
2468 771
1655 3423
2864 3860
1955 2728
480 714
1352 2661
3439 1485
2587 2241
2603 3190
3560 2315
2326 2214
2792 79
2477 1905
3900 3128
875 3073
0 3866
2728 2311
275 3314
247 1470
1126 902
3503 1501
1568 875
2729 2324
1961 509
627 431
2497 727
2861 3755
2097 2688
3194 1805
2799 2167
676 1488
2786 538
2983 3914
916 1367
3499 511
297 3671
2216 2517
2770 487
813 1746
777 3062
424 159
68 1053
3735 76
364 2012
1654 186
2218 2380
1071 201
3988 2716
57 23
3063 210
2958 2749
590 1751
3461 2662
3501 656
2052 1008
296 1433
1089 2534
3254 2542
3286 62
2266 1728
3130 141
3774 2950
2736 3551
3623 3180
519 3410
3991 1381
3840 3305
1436 1868
3990 2208
3482 1540
2530 2116
3249 1066
2440 938
2746 2776
2664 1329
1756 2730
1581 3775
3013 3498
171 1638
326 2822
688 3808
1938 2962
2037 172
2379 272
680 2904
3466 444
81 3196
2561 2391
344 319
1140 701
464 944
1500 1597
501 3161
612 1798
3122 1680
2081 192
1284 1777
773 3488
2104 2993
1892 3133
251 2093
3533 2473
2339 3386
332 3258
1784 2176
2039 1531
2383 671
2513 3336
1658 2855
2511 3971
1898 1300
1198 3959
2800 671
2927 999
301 3327
637 1763
1506 236
2819 2605
697 2302
3694 1746
1570 1804
1462 400
744 3194
2214 2432
909 2663
606 310
1421 2120
2775 3466
1416 2404
2263 3633
111 906
3129 2250
1180 847
3338 2952
1108 1948
925 1451
1367 3663
2365 3608
16 2021
3371 2052
181 554
842 3128
2992 3649
3546 2437
664 2148
2789 3633
231 801
886 1649
169 407
1008 3321
2215 3831
2143 1484
1560 672
493 3762
3284 1221
2848 2909
3173 141
2138 1474
1182 3259
1639 3544
265 2268
957 3961
3629 2142
1105 2155
1759 223
3977 2947
1337 961
3082 2616
3400 1299
2524 927
2484 2578
3260 2969
156 3372
2363 2177
7 3025
1102 1195
1028 1586
44 3074
2028 1376
2226 2979
3669 3903
3064 2007
1032 2596
2108 3262
2270 3543
3377 2787
399 3107
2867 1439
971 435
1455 2352
1142 1314
659 1766
1489 3547
3538 3038
1259 591
3973 1718
760 3515
2824 498
3444 3594
745 989
13 3818
3814 1027
1332 461
1583 1418
843 2070
3951 3564
799 540
3216 3648
3936 3115
3035 1820
2788 18
3583 442
830 2426
28 2063
3138 3147
1857 1710
1878 483
613 650
3201 2840
1066 385
2371 2412
561 631
2760 3913
579 2925
1084 2945
683 988
1663 3198
3829 1648
2643 1171
1494 2526
767 3848
2185 539
3865 1965
542 867
3210 3845
13 2983
3024 1597
3152 147
3877 2901
3195 584
405 1745
3833 546
775 2681
986 2009
3517 1415
1567 2949
1869 363
3074 2785
2940 1801
38 3584
3896 3922
981 2406
1121 3320
343 3085
3043 3960
1922 776
2376 3330
1609 784
868 3342
1754 1602
3489 2870
1444 2423
895 70
478 537
3962 2250
3094 2612
246 3946
74 341
3399 3071
82 2026
2684 3467
3297 3375
2986 507
2998 108
3065 3970
1397 3269
2940 698
2951 2085
2198 994
3565 2329
1262 2016
316 1332
1769 3930
3992 94
1381 3198
1663 3106
3268 2239
3305 1803
106 1533
506 3030
3774 3530
2795 214
3247 1183
3414 309
1859 1001
51 2631
3182 828
2719 835
3787 1176
2784 3911
3118 1128
520 774
2436 509
3459 1051
3415 820
2244 1191
1046 2568
3834 1051
2361 2240
792 3409
2256 3812
555 180
2693 1625
1173 1859
311 3974
884 1243
356 460
634 211
2872 2283
2296 856
2190 24
1059 1715
84 2629
3033 2756
3246 3722
3119 1758
3420 3027
666 3664
133 2430
2101 3112
3542 306
1002 3424
2577 2231
3243 3040
3888 1339
3485 2994
3474 2519
337 2307
1363 3559
1369 1778
2933 1423
2189 148
266 2043
621 3878
3445 2935
848 3622
2585 255
3654 1829
77 3814
454 3381
2087 3021
884 2535
1289 3602
3299 2248
3286 2687
193 1215
2913 3739
2675 3421
1837 3080
128 1021
1682 3471
1620 2175
1910 317
3506 2641
1613 2418
2373 1534
1298 773
3205 879
2588 158
1343 1219
2659 3446
423 2556
3655 1086
3417 816
1847 1561
3239 53
2074 2754
474 2305
994 1895
1217 382
3136 933
2215 2422
618 76
3961 3586
3859 3300
2557 741
1267 787
1922 1268
2548 1181
3838 809
1412 3811
1680 3959
3800 2889
3884 2608
800 849
3138 3020
203 1378
2642 3566
468 3139
2700 152
2798 607
2411 2011
1199 1387
508 1069
303 1937
3363 3577
1854 1240
307 1632
2847 3874
1092 2286
2141 3438
2290 2826
12 3186
3306 2467
366 1802
341 757
2121 3579
449 1348
1132 1684
2159 3561
2057 3193
1557 745
3658 3477
2398 3765
2151 3150
2527 2702
2582 3283
3488 3126
2594 3047
3713 35
2384 2814
1469 1263
3983 3436
1592 3639
2599 798
2210 586
1271 283
1727 3813
3832 1806
2011 1253
1055 2138
3378 2698
3535 143
3803 2772
3940 1091
239 3273
1645 3231
861 2666
3608 2928
2178 1078
2923 3748
2074 1794
1317 3701
3978 2977
3717 926
909 242
1102 2581
137 3130
2371 289
3077 1626
3883 3607
1186 1247
1943 2163
516 3858
1865 122
1809 1079
1538 324
2850 3206
829 1294
2938 1285
453 3850
2400 2276
1391 3784
788 27
268 3514
1878 1225
707 749
482 765
329 2767
2330 1088
2991 2553
2862 3889
3741 1451
1657 425
2397 971
1133 2096
1594 2262
1987 2794
2968 2246
684 2332
3089 178
1014 2523
1982 2343
775 3031
978 104
955 2646
2508 1925
2156 2221
517 2225
2925 3559
2910 1299
3476 677
642 3519
1232 1044
2202 345
1798 3105
933 3168
1937 22
2678 662
661 1288
1359 3898
346 1330
860 396
1583 1850
312 834
1676 95
2967 3191
304 2282
2238 2510
373 2299
3232 921
10 3525
2828 1969
625 1927
1011 3065
1755 492
153 3278
3497 1482
3090 3817
2305 3100
2309 848
3339 3132
1235 3988
2100 2048
3257 786
1677 3981
946 3817
2723 151
1687 632
905 3263
1469 3812
199 1279
508 698
3947 2777
1138 174
1141 1462
3253 3963
202 3502
1765 1493
3851 525
3187 1098
118 2834
2208 236
1163 2669
1584 1172
599 1392
2195 2048
3255 1017
528 1061
1724 331
1989 3863
1987 1375
1834 390
2460 740
3463 807
878 3455
3290 3764
1281 33
1412 3942
1514 947
3075 2577
3124 788
1980 2533
1163 37
3030 3997
1325 484
3408 2139
668 2295
38 68
2479 1160
3617 3369
2273 3830
3640 3486
2201 3642
3516 3526
2718 1533
3382 188
626 3702
2747 135
2528 3159
3376 1817
3549 901
924 2810
2264 2429
2228 3558
1972 1933
3629 1006
3315 2711
3248 1393
2294 401
2792 3299
1760 2271
1449 3296
3968 328
1953 261
161 1016
2872 826
1944 2778
1471 3628
1694 1954
2860 2246
619 767
1273 3306
3582 2130
1029 338
1784 3331
74 544
3591 3344
2234 415
1939 733
2516 818
2106 3341
739 736
798 1490
1248 3847
2539 574
2985 75
829 1072
269 2416
281 1090
2943 85
607 80
3810 3444
189 2483
1516 3179
2377 3491
1903 59
1329 447
3324 1019
1819 2948
1744 277
530 883
1490 241
1659 1715
753 3002
1929 1750
3372 1129
2944 1844
1996 1400
713 3215
532 3524
1025 3311
1807 3727
527 3461
2914 723
3413 2763
3783 3442
742 3654
2028 1443
3353 411
1988 3406
1303 2917
3791 3313
209 1936
2471 201
3537 3413
2095 2640
811 3034
3781 2735
2777 1033
2825 2027
3129 1377
766 514
2405 3334
907 1137
1223 791
2464 1929
2108 3951
3492 300
3229 2014
623 1440
176 1830
1346 710
3550 682
919 1512
2603 3434
930 2226
3460 3853
2632 1082
97 119
3422 3848
580 1307
634 2613
672 3109
1697 3160
46 2932
517 900
3917 1455
138 3099
1815 3109
2248 377
2988 898
1662 2160
1882 2892
1757 1711
2946 2710
3367 536
1958 3609
576 2508
339 2142
1917 1127
1005 864
3032 2566
2491 2947
3419 295
811 3982
1408 3408
3849 2752
2005 885
614 3389
3833 3186
983 3995
1519 570
2090 545
3451 2454
11 1590
2259 838
3825 368
2365 3702
2477 3039
273 3625
177 357
2173 3064
3246 2388
1877 1031
3836 2228
3003 1630
1555 288
1611 1883
3949 2858
1033 568
3104 2258
1322 590
1502 2759
349 3597
873 206
1936 2364
2973 1002
90 3256
2619 164
1100 3666
3029 29
966 3252
1824 3268
2783 729
406 863
154 3404
3328 1869
2421 1346
39 662
524 3939
2019 433
3191 2648
772 3985
3644 1522
1510 1645
2332 17
2366 860
3620 2281
985 1523
2469 1305
3565 246
1676 1203
1737 2703
2771 950
2122 465
2839 1623
2901 593
1004 598
796 2390
2790 1403
748 403
734 871
1440 2505
3054 3176
548 542
1079 3312
804 1334
407 1151
2387 609
1566 2211
3516 717
1734 3227
1693 432
2617 1756
1210 1258
1661 3730
319 3842
3427 3318
856 2818
3720 2463
3378 3593
1565 2245
2903 3604
750 3674
1944 2611
1503 839
1323 1788
327 1349
3705 2310
1528 437
429 1694
1897 3587
729 3076
3553 2012
1315 1515
1179 1568
1789 47
2686 847
1216 1573
1212 2740
2655 2068
184 3694
794 2616
3703 3554
2204 1054
2610 3374
1286 1023
1224 10
1081 1886
179 107
3057 2887
3545 771
1310 1465
3878 3890
1988 135
583 3733
251 80
1059 647
2441 1030
3734 3609
1254 2550
3739 106
2340 362
3603 907
232 2772
1691 2911
3621 1162
3800 1981
257 1034
258 2425
3076 2455
1906 2447
902 194
2444 1361
3152 3883
2997 3719
427 455
515 3630
1306 457
1767 3084
912 737
559 2066
980 3721
2272 1491
981 2372
2554 1166
2476 3394
807 1058
3718 405
630 2981
3113 3786
2295 1205
3610 2337
879 2890
2410 1131
953 3390
2836 795
237 2509
3660 2571
82 3296
3922 2695
521 567
1298 1047
1667 2289
3525 3727
2076 1282
2168 200
1024 1671
3200 369
2703 2398
2741 1771
1215 1689
1049 715
3594 15
3375 1095
1673 1554
3858 1952
2056 882
3478 3746
1200 355
463 890
638 2084
2435 2184
2780 1338
3147 2713
2285 1610
93 2900
1107 2101
3856 1642
2510 2216
695 263
2536 744
2058 2445
183 249
394 2119
472 3093
2975 1076
1640 3157
1306 3472
441 901
3704 3140
3890 3081
1035 3865
1888 844
1872 3555
3705 2391
867 2694
3354 3972
1268 3524
3049 1326
2200 247
1691 3414
1670 96
3730 1353
3010 1119
3153 2358
1428 1155
736 3751
3517 373
2967 2782
3763 2877
34 3169
1647 2344
1082 87
1195 1904
3886 3685
3433 1360
655 992
1261 1399
3292 2769
3889 1112
3395 1660
2157 2155
2217 824
1330 2530
1846 677
1735 3267
1005 3467
845 1085
1716 1246
1134 2258
2868 3392
232 3596
2339 1238
1825 2545
2822 6
185 2999
2930 2252
1614 1911
2570 112
2511 2042
3728 3294
3028 2170
101 891
1515 1210
1575 1545
2981 1373
1483 2111
207 3758
1222 2780
3318 2652
2324 49
2204 2284
1731 1062
3131 3882
1909 765
3937 526
2359 2345
2764 974
3956 367
2681 1368
1417 3597
3028 402
3288 1202
2695 152
1426 1600
3499 3010
2264 714
3522 641
813 3287
2493 3387
3967 188
1441 3576
1389 2707
145 2373
943 1593
2628 27
2431 3394
3523 3122
1406 132
3726 2714
2237 205
218 3062
608 3422
2254 1770
1214 3496
3799 2404
342 1621
680 1057
1083 1964
3224 3219
1957 1822
192 2692
2938 2883
426 1430
1101 2233
3974 2956
2162 1214
840 2492
3918 2749
673 1514
1149 3271
2027 1037
2650 3781
333 63
63 1289
2190 1368
1185 2313
21 2521
3526 3016
1695 3027
1976 3437
996 1500
139 2040
314 3955
3636 146
1457 3363
3356 3250
460 2760
1836 2604
2178 1984
1974 3134
3151 3334
1577 1580
1113 2181
2017 2496
963 3589
2152 2351
1733 2870
1487 1191
2855 3902
335 2660
1796 3473
585 3139
526 2691
3681 965
2720 3976
1677 1861
3285 2237
1821 2683
1550 334
420 3981
2288 423
865 1296
3362 310
3242 1190
644 1637
3397 977
2625 3540
2263 2132
2034 3131
1836 2761
1393 3667
3798 1797
3056 2111
3664 899
64 2088
2423 2131
1698 2156
1396 411
2407 1792
3266 1120
1334 3251
950 3557
954 1043
2976 3867
1442 267
3838 2505
3518 3115
1554 3503
1636 3589
270 2195
1421 443
2883 293
1375 1674
639 854
3996 3121
352 2105
3484 404
489 3917
48 3615
2598 2201
3319 619
2770 2839
3329 3554
124 3123
3193 2072
1295 2812
3056 2256
3009 1145
533 1194
2443 2261
1775 415
1106 1613
915 81
663 351
2873 1894
222 972
2480 3029
3501 1486
2978 751
2915 2838
3715 2905
578 1795
294 979
3711 2196
156 948
3420 1383
459 1308
1957 1058
2503 382
500 1601
1900 1435
1913 3223
3879 2407
3773 3327
3232 1993
334 569
2222 3237
437 737
1942 2
3037 94
3168 611
1729 2323
176 2368
3364 1395
2543 738
3605 1031
263 3320
3779 918
929 350
1843 1279
305 1656
1429 3432
208 22
676 1294
1934 3906
3896 46
1335 1207
3843 468
2696 386
3105 2219
2374 2422
1616 330
3310 1530
3966 413
1919 337
3962 3331
3221 1025
3001 172
2601 3708
1022 3135
3987 3173
1669 3218
537 2630
3125 3985
719 3760
885 3564
2031 3266
841 1427
1644 1448
3998 825
3780 3834
147 959
3070 42
3862 1118
1934 2054
3510 522
3520 1365
2038 3443
1761 3600
482 2022
248 3531
3257 1973
1386 923
396 3677
2352 1341
3618 832
271 2801
702 2866
267 3944
2139 1697
2844 3853
2895 2759
1864 2879
2971 704
2745 2545
2913 1297
2724 1173
274 2878
3786 2654
418 496
2010 1
1392 1149
3656 2919
3624 3480
99 1591
1354 335
2109 3380
786 2229
3910 3816
3308 2091
504 3578
3124 3628
291 1187
401 2739
2075 2280
3612 3643
2008 1506
1327 1950
391 1414
1178 1193
2132 3387
2092 3449
702 3681
2557 3986
2842 3079
2809 1292
2177 1267
138 1099
2897 2497
126 2662
1875 15
2434 1309
2599 1818