801 1006
0 78681293
0 68
0 45238238
0 1232496
8 3983
0 72889791
74309 3224459
0 94
0 4888163
45879 80808914
0 28
0 723962160
0 6846
71 31153
0 985891
0 460899
0 39253
0 52173118
1030522 458
0 6489698
0 28
0 2668
50144076 462169157
0 42933
0 15449390
53672632 696364736
1665845 335204416
89 86533162
37426260 50
711254287 5
6 376888488
0 89254064
67 8113929
0 12
0 9
0 527696968
0 1992771
409966549 76660
0 3545
0 10
63335 18841
686 98012
1 305
0 710217
89568 84
0 7278
0 97231381
0 3868437
0 8415576
0 6601731
0 251628521
11186463 95
0 21064230
920 733701398
88589 63577400
379436 4946
301 53667
371758525 9855
0 542618895
51080 86157117
62354 7020540
0 6317
0 42
0 70708174
0 95221110
0 7774
0 9831
0 8347
8 481463
0 40598
4967 622924
0 814
0 78
0 352
0 80531256
49361 2072539
61 4625829
35 553570
17179 1
85 2
0 9527
0 8
12 2604668
7117 23189159
699 5421705
0 247
19 8701983
0 5
0 5454
183718 669411
0 47
0 8807742
0 40749113
0 4
0 961
1756164 41
0 86277975
0 739961076
0 925725
71 16226
877 2902
2406146 35
76733351 16
0 823770343
8481 2940756
0 9411283
0 66463968
62567 5520624
42 663651
0 392943310
0 56374814
18929351 16177
867 5268
0 4843
6820628 637315351
0 1778896
0 891810851
3 54202246
0 67340
0 457
0 52007032
33601 533
1257 517
0 943
0 454507
0 887
0 75580150
0 96167
14594 5722654
522685 708
95335 75356007
0 968691
0 41
0 16082587
51 1602527
0 54
0 50464
36978405 473669902
0 162191812
9 2
122263848 12690189
0 325890
0 157660080
0 85
53 960066
39502573 438786
10499 9
40 814
4 783
288 9
0 7647
0 597
1215272 28817
0 33
0 1568188
4703 20
570805514 92
0 50817793
0 616185
0 5031
8802245 5105533
4171 2380083
0 20362
62 515
0 6
0 38955
0 2246693
0 751421
70488955 3
0 163918
6 3
0 4
0 606
0 2
0 8036
0 97
0 92
967 64371
0 8523
0 8
0 98456526
1 65851
575172 25934662
0 2034
26332054 80
95 82692
0 18797748
0 362
71 78
0 512896
0 210
30324842 221812
2572904 8846
0 8582
0 6835
5 710175510
0 568
646647 651474
0 362484751
0 485632
0 11301
690 2519196
0 41
0 760026217
0 580318
6275 42
0 33552
0 925165
213990988 9933749
634558 375
0 38768
828 202
0 327426
74358605 54
0 33383227
0 956555050
0 5879
0 885
0 545731578
90138979 664085
0 194190001
0 728372
0 10
0 6
0 1211
285351 76
299412303 16014022
919783 2221
0 338863536
4 90430101
5 8
1750 139121496
0 99379865
0 22861
0 77891
9 2538974
0 7833
6269 830
0 907017882
447 15
0 282628
322093 5149579
988900 977
55 9093360
10 7
2398 6726
0 8736192
3383147 790
0 610
0 2535496
0 963014
0 6073243
82950 4
0 83643
735969058 470
0 83
0 8
24483713 20724897
4389 8112798
882090187 7
0 5583
751 3733463
0 74582330
28 8701
0 46369713
442263105 7
356481399 8759
0 928
7 653
0 205426576
5208 5740
64 367303
612114057 836683244
0 7985
0 79040969
40 7619
271564 3614
0 855904836
0 30890
937103 4900403
416090 118
500 895
5 5382054
3821 377411815
178594735 27
0 15450
5987 721358571
971690663 355
0 8213
0 2
0 2080552
0 23474143
70771231 436915
0 175564894
27099 2
66301 10
2658008 528
0 705
0 8
47481 3392
67337 11733
122 44
775 45
0 93355443
510 589845217
918 1
0 1
0 29089149
88075733 34369
0 55322025
0 5216
0 198700
3149 68545
507931534 2135230
42743 33815
0 99
96005253 1223
0 643077
0 7
15 9790342
74 528963109
8229 328
0 15696425
34211 334
941377741 98273
0 818
0 96437
78924455 390
0 93326
100 70272
0 8
11 37
0 610273172
37 1806520
0 5927
0 779
1494 79
75 452858
748596 327
0 69029
0 44340
0 97839
0 162391
61 86
3443 19126341
0 8661
0 40769
0 22858
0 468863944
219 43674780
0 3882
780773998 507
3 472452062
1482 6577092
0 5
3 3245
77569 982173409
0 30
177 84735
0 8358
0 56473
0 9716177
0 23384026
382 976160
0 280
0 2654288
5404 3550354
0 86875
0 249
0 2341406
0 4414
97 23046167
26 90
71 16
0 2088634
638763 673
0 17469501
0 9898512
17916117 51
751370315 1799281
0 250
10 12223
0 3577
0 234
0 9797
74183 21583665
908 29111379
0 9678
6390 709808911
0 33577470
0 419077
0 22
0 75
1 99272671
0 1
0 640841985
936 493334284
0 652
0 3324
29151730 572
49700758 9956360
0 53063
0 50631881
7293 443518800
7040 51423
867220 8899234
0 393
0 10
93017146 2
0 8
3 682464
479971 174700
893707744 323
0 7521983
2808510 2248534
0 6
0 7
0 8930
175514121 825355866
0 209068
711534 9873
0 7349295
0 13607523
0 1
995884001 49571
4345100 3
17490624 414398
0 104631
0 307931364
0 879
0 2911429
0 31453
11273845 96934106
18134 258768
0 9905
0 293
7834 55424
0 64107754
0 199429
18 3741
0 501495
0 930
9813640 500707661
780548654 9983
0 33692777
35280260 791
91917360 6499
0 37
749803403 72509
790 73554
0 461212304
0 400968
492823 94
0 343
28848 251761
9 983982
0 6115215
0 360523964
49623413 3811398
0 887495089
136611 1
0 63671457
0 37
0 706077355
2092 920317
11910500 72126
446 17
0 2
0 701721285
0 7
710819 967851
524202448 1921
0 390
0 863
586025 10
0 10
0 60632857
0 643946777
0 207086836
3 7
558978 87
0 8772
171 10
470916248 310884855
0 35562677
0 33967
0 94
0 77691095
0 98
0 35
1912924 246
68 17
0 9767601
6478 47
3930065 563230
210 45774
8316392 3380196
0 430
0 56
0 14501628
0 777
0 43
792777116 65
0 216
3624545 53770
93881285 2469
0 829
0 100
0 1
1288 56150
15108 198606
6205702 13494136
0 4
728635 94
0 73734
7 63
0 36657
932574 1
0 9460324
41102545 22480
0 5
831 65313
803 4055327
624334 6505
6206729 350350
0 556467449
7 64
0 6047
0 481902615
0 9
71955 29637
0 997833684
80526255 319
9525 71
3167 7863
396733721 20
6103 77
0 56744889
0 583542804
471498 4745103
24627 417216
0 10
0 5292
0 647
233297793 54
0 901581
32798526 4006037
0 837
8983232 70612281
0 139
0 398601912
487850 65738151
0 24878
0 305234525
0 44863
0 945
3 319635
2265 33151
0 34749847
0 982192167
0 79
27195784 5450
5 79350953
0 650610634
996884 10191664
7119422 812826758
0 6647153
3489 7172567
12 318410044
21 2065308
0 12100952
0 1681352
344803 68984
0 34898
0 953094
0 332910309
0 2
0 29914
561348 28632
0 805297
0 52189966
77970 6
0 652
232 789051
0 187089
0 59557696
8324 187053625
2572 65
0 40
58591085 43150013
2742134 622383
0 2921
55622103 5889477
0 94594
2821 51
0 54
0 3
293 2
18 9054
0 749406521
0 1
60837336 76
0 3868240
0 5081
348272173 88158
0 1
0 3836887
70520 1682017
1 7148
35182 809734
0 94
0 805
9 491699338
0 8911
64 2
7 54
5767194 152968
0 26
0 374791
0 6888130
0 588416529
0 35
0 324692
0 46540
0 84966153
2 10
0 4
8 620
0 636769
2145674 29618
0 188
836934 886980
0 73
8302 256881821
0 7
0 3653
0 6507
0 308814
4194 460
4 30764
163408289 128368
0 38627780
0 591032
0 8
1330972 13183
421127 964710
0 7588
0 1
0 9
0 27400698
0 80172
0 17756
31369813 55831063
0 734056
0 888455538
0 6
0 5
0 4788
0 83660
0 622
8882 378841858
202 7
0 529177
0 81
0 2849
537 4143
0 9
0 87
0 18
954 80480292
78561 1236
3435 539326
0 23837
0 550877234
0 1
0 792092659
0 23149068
983522835 3
24931 75567969
0 2027
68 474354
5940 2
0 695
77204 10
0 30
0 923
0 3821523
46660 33940357
6 728649434
203 499
0 585019
2168 36
686377 74192
676 2798428
0 876198815
543 5925937
0 2810170
878060 2674
0 6
0 123069674
0 8957015
93 255
0 496403683
0 59474
0 688
0 9
0 3972
0 5
9949 3
2 5015472
0 398155
0 924506548
0 471101833
4 53438825
0 36904
773359 335097
122417425 7
0 1206856
7788 4
0 623440249
277245773 13476
979006 88968052
0 537
81823 7
0 853
275665061 917747845
0 103
0 2902051
4878946 71572
0 45385
0 5246734
5278 95
0 859804
774018 45584
0 6721528
0 9084
50897 35
3938955 431739
0 3382
0 9
50945570 463
0 496321
0 10745
0 7231
854888900 256794
0 94
0 110116279
0 6452
3411350 7
4993894 614
747042213 100
0 725005
0 9763761
77916 997
127 884522991
0 298493123
0 48
0 269
0 50
0 99258
28129401 8
47 85001045
0 3843355
0 71
0 974931299
0 453044750
0 574
51 62832132
895 803981
0 4
40515 869725568
0 86072061
385 5
0 9787900
0 50369
0 52
788836 4271
0 7561
0 40584432
353383 3
45 7002
27 4525897
0 2402
8817496 406670
47 319668867
994371173 1327
0 32525029
715004332 241576
0 777669
1343002 580156
0 2409299
940443 731271
0 8504
0 45738654
0 377858
21842 478447271
95 3986883
0 61867
0 468
0 5
529 35
