1480 605
1878472 4133929
381 4
0 3797
9753248 590
0 460632
0 676244651
92073 9535
3021047 4
0 6179
0 7706
0 58991198
0 419305369
0 55
0 57665521
0 99609714
0 62960
0 93824
0 3588
74 42515
0 705030507
0 387694141
0 6
0 4584147
4 50220187
36 4103
474 3208
1 39
0 5944
0 8192636
0 442
1470176 746594
0 6852857
0 880028890
96 9870
0 4184
0 811106
0 4599
0 5183
5577306 9
28871438 739
784753 953
0 356
3164258 48775631
336 217
22337 769660
72 7175
6763 26960
343962025 60444970
0 3697108
6 3766171
8578 1
35 35426
0 892950273
89276970 6254
0 93535047
771 1713954
3 71565219
0 497731434
75019747 57065489
0 696823
0 134471
18911595 68
0 66957
0 50013092
33712 9
0 4917393
0 96357550
64247 631853
8495 4519
76436 2
289761 86943
9114 6211060
0 43508
7936 7
1 816
596206188 873516
7692 33
636617 7313042
5 4666260
1 29958
5219246 62
0 643130
0 68825333
171673 456067507
0 9
0 31
0 363288303
0 507924
670420 31
0 90
8 84
1539437 779439005
0 40256
9738174 649327196
69876 49827
0 22231427
0 6759
114 7702899
12 7756
6 1559
4 722294
0 888933
0 8918
0 2
0 97728
0 11796
16 17384605
0 373639
0 34
0 91
771 8
169 881674571
791 665
70121145 6935427
17118108 757772511
0 33929651
10 24406
998 473969
0 5075
9 286634718
61041 76943
96 7
0 8635179
934 335989
67517 1
5 499514541
0 41
0 858715988
609233 483076
0 26
783522 74822
0 425
254820318 8160415
2778342 9551
768 224459
0 889
99 3937
155 46579534
63794702 1678
0 50780
461 6
4 16607
0 887858531
0 10
22421 64
471897 3777
815 9
612974 126
0 5266
0 44
0 3
340020 17
483609738 59458859
26563760 41318804
52962 5
75918762 38174613
0 3
0 363864992
90103 82013403
0 3
0 57317
0 71518
0 147252
60 265037681
0 7063
0 249
0 1190891
0 521619
6258830 2
78 9
0 296297
0 74
392877159 88847977
1090 64343
67027887 31477
0 500
0 10
25 2399
0 5
0 68184083
0 7
0 394161
0 270490
10754665 6647517
28011384 6445
0 95720
0 54176
218656 270
0 705
810619421 991
219 887959
0 9133789
0 55374
0 7
883 756472
14556589 447140567
0 5637
4156522 54276
7 5678951
1827166 71208107
28709 38
0 88195289
0 44352
3 5935161
0 2341329
0 607557018
0 64
60848382 2301912
0 90556
0 449176243
6974827 172
9 71709742
32063 57205
645172 33
0 72187
917 113487349
10 43945005
170458 26
882 80
293975 6
592 35160
0 9396
4981 862
0 3928
18 20996653
0 540
0 8168375
0 53970513
0 878
1621 941451409
0 67852
2088 684
456119331 92
143649015 57
0 92
32664 64187
0 6
364129719 1
49981 56
506769854 415066171
0 14517913
136 38050
0 116927300
0 6360
0 326311108
66284742 756
4138117 99
0 619241
4 687889956
0 1
420181 500032956
0 6020
503696 9109207
0 8
10 238375585
0 1674
5948 7134879
76 4540
6013411 10
174555550 2332860
592036692 147
0 375686384
1 659082
85601213 30
0 51411561
1006418 10
2630864 121686
32778599 748871672
1257 37810
193830 845367844
54624 34558551
0 73270
895166246 828633149
0 7619
298121088 128023596
9436457 70
0 25786
0 334442
93288128 2886
0 940404
4808001 63859299
3 45
4643 58805924
0 60
0 250554
0 13990074
46 526377
0 441
0 465
10 3
0 1512916
19 80739
8 761334965
0 851391
0 71603794
4 17
0 16
46905612 238
7 890
0 209567864
0 402406546
588013 7
460 4596
0 658546034
0 5999
223 467
2163 86
0 48424674
8 81110936
0 749724
132 8384596
772732157 2
9669 8588686
0 18
96 547333037
0 158679316
9348 55196
0 94
3 596039849
911029 210
7185023 5910
12165479 17898
12963 96
5231 8234
751930 87
0 3802
2 654330
9111 43
737892 7
0 3411108
0 75
0 552
0 5843
0 160598
65390322 788959676
6680603 1629151
0 66
0 6677
903 260
0 30714
0 17530729
4781327 39
0 5899168
426 576
0 891
0 17953
575700367 2379729
3 350
0 910
0 867181323
19 98555
0 773605
173 21
0 2162
0 43580
0 14
0 36349030
472 5991
50732 906325
0 560303523
945 469
9699652 8599092
4716 41069
8 5490188
73 70716579
0 81457
0 99540
0 78822696
99852337 5998944
41247518 34
94729977 53
0 538421017
0 5451704
0 99065
198 1
0 632
83 48242827
0 5069
0 61
0 793512
14 51
0 6128
0 58719904
3 356098130
528020910 15123013
0 2
0 374015887
0 817490
0 353821389
4 140
98 35
0 802358200
0 83986
31461707 266679
0 46746871
0 14391182
9713 6637826
31736 77645
278824235 2333
442674 386526710
0 31838500
80503299 96857100
0 7
0 28811543
0 896582
0 407
0 3
817 833212591
0 8564616
28 2183
13532 217
10 540776446
0 70
0 6010
91856810 199135369
0 8844343
220 715768
0 9629
0 9
0 9
0 9846091
0 3519
0 4068346
278278 196
780208683 3
0 5
0 4
325 687410
7847 4067447
0 12168640
51621 403
0 2
96781 520
0 1769835
0 4
9005 330267
0 8
0 253415
0 95
52839138 247
0 5
89856941 44011
0 9164663
0 170820477
62142660 3793969
0 61251
0 42711079
2796393 8452
991772869 81183510
975 75021399
15 10
0 1835896
0 249
5111 605
0 71774944
3853876 3738631
4156813 28210
19707497 525462
0 695
150719867 920478
0 8
940892969 51660970
0 35989
29665 792
747624227 8
0 25004
200443825 86
0 29466826
0 20904
0 153263829
0 326737
0 103
518394 351004905
0 618
0 730
0 449
80132 2493
634472696 248078435
694868 253
89 6848
797596 741896664
8639216 399
0 489
0 94
0 41
0 97
0 87706714
3469871 398900
0 73852
0 96204
0 2070310
0 923230483
0 34041
0 487471
0 1456
988 4903
416991 2689948
11451 22
497745 321229190
2526 45
3 1
392256264 434522
0 364410
5330175 959588
0 22036
0 554
0 4593
0 5608090
837256 509628956
8570 3
0 7582
0 1791134
45 8
5225573 5096
0 793432
0 3085
246443027 173836355
0 10
0 696844513
505 10
34795884 7
0 1847
0 238
867785279 4997
1408 9125
16219205 10
0 792
0 15224224
0 896725
57 4
97 14
132 7055705
1471 2785
51 6520437
6306 323182
0 12
0 8113053
0 1890
12 36844
2984139 3
479499 64765187
0 46400
902678 5344
4659 57
112 145
268568432 8
3130 405838687
221698892 10
0 45
1962 10
0 78
4774 89192387
666 17545
0 441637442
0 15073
0 730
6398532 2077360
311 815603722
80 442985892
0 698907482
36 91
0 732074
25440895 41098
54 1621
5 940815
0 653650393
64 6210112
0 6738
3118 929463
0 61
4 90966704
0 1617
98668 52340652
0 912
0 677
61881 3035
0 4
6420 9
0 73298299
249532750 2029413
811883 3
675091 72225
0 8
3384778 7061
0 110499
535 72
119 1333878
0 732578860
726144 405850512
0 8359
744858980 866007
0 137650
61 21
0 91
10 6802
0 171
39715 1591134
0 289125122
5229 962
35955771 162139
7070 6865
23872305 92
456 77946
7500 512531
0 1282690
0 2251
0 775418068
5 133240
0 9536
1350897 714
0 85984726
2666 3
0 5232144
0 581629333
1 246067499
0 30438
4 5938127
68143 915800
60612445 68247860
0 809229
933 46
2152419 418550
8376 6106789
0 8324
0 481666
0 19949775
0 620666502
0 98
6 824551
244228 10
0 18541
0 9535577
0 35199519
172843 173911569
81281 689154268
40 47775242
0 13
4903 77
449681 410892815
0 312408
0 70422315
663 201994
970358 98
0 9213869
5859 448219333
519627 3857
340802171 46696821
3784 36
61 731698
753531508 2
0 56127
7243 96249016
0 16562
4869 85
19040 6173721
762396375 7943570
0 22249
0 682885010
8477001 466716247
34615471 312307042
1099760 582037
395934509 97212
120 1654
0 6915449
0 8
0 192
1 7
36399949 991066840
0 9
34244676 31254307
1149619 5804
95214 390175098
480486445 2
10 9
419425281 31843602
0 67364195
696562590 2328
0 84218
0 91209991
0 4729
0 7185
28 2
6290403 804
914 9
1815224 806843
406815120 6378745
0 71145881
0 8340
7832 39
7301676 665476
0 371
1 12
854732 6613889
0 53727914
0 51186378
0 60067591
0 9399695
10 97276
0 19774828
26859 334844109
119 42
792 17823
0 2
0 77
3377423 8316445
0 1
0 529769859
5100412 3036582
0 908604
3914 5
0 1445
0 186
749 859983
0 593504985
23 143888
0 7
770027351 510
214731 8019
0 8168
5129845 6210436
68549246 20380
0 437424968
0 9
0 297
572 259
8 497
858199 7
0 18229861
0 841
977921 98342
0 6269782
232065 5
8 39124139
2174 103323
615898302 188668
0 602242
96 85022184
0 813
6561 59
0 6270
0 12502238
0 11
0 538
114418464 775580766
82721 6995923
0 837412330
2801 507448
0 6320
23 29
0 908
0 3
0 52704963
0 60053
57 45821319
2292 3180699
0 9
0 432483285
726 7348818
0 631
280934284 824
0 19
79147600 2
3726 5
0 929831118
0 8052
45 41910870
0 2
0 725786
0 44345
539561939 9291773
0 397
978 8353796
94 226
0 8240
20326 8707
4 7
0 905187
863257 8168
6383 389454
1703 7731
174 51538131
972033 7815754
623 8
0 89
3 3501
40729 803
333902804 9440
0 451722404
0 5403
0 297086
29738223 532128
303361334 984489
0 9821
0 8391
0 426821
0 167392
0 427510
0 51
508622 370034194
0 929824518
10 5
0 1034503
0 301824074
95678 8180990
5560574 52005021
128 44
0 523
0 360219
0 225734154
0 8220
0 1242137
0 167
0 644466033
0 871
97819990 7109643
0 888127
0 772359362
0 1979
0 1262484
10590478 9245
589083917 16
0 67240452
450 2546
8207 79191
74903073 7483
0 8596
0 3763
915246 7338
0 23550697
0 231
0 6293
5 722378
0 217
0 64
738042775 384
0 86
201967 44881
0 8187
0 8
0 30
329919293 63925605
0 8893
0 963
0 144287
6537563 646624
0 552671
0 78443
0 7604459
6803 71233560
0 6066585
0 826306592
83471843 2291023
0 967
82427099 397468587
0 9020479
0 86319319
0 32647
5872574 156445
0 687502
0 1518
0 3
0 396024
883 37403
28 2964146
0 11719642
0 3601950
67811 194632
0 89
8 87967
0 936332
0 9
45828014 157843218
57870447 2491
573373395 3197312
69520552 260885
0 94265
858338 688
0 107487873
0 3071
304840 7575975
635030105 809
0 677416
0 36407030
0 188078
4060 38
0 756
0 228942566
171764 45
0 626402669
0 5
0 70297660
5541 58
9279672 886388
100 30830097
99899799 97838592
0 69
0 51
296 57289
48420 535
59 1373806
1060 473
28278 909793
1279999 999
0 52
0 86039
0 276
4614 18013733
0 10
92867 106060
96 6594
9041 30374
0 7055203
0 80412
76620 19
56259578 1035
625 4
0 5227277
256992 134
287 742
0 47950045
341908147 10
0 55141
0 52866952
8 365955891
11401 14
0 9
23 49263514
9338250 2743
0 7
0 55592310
3 74072009
0 5
78983 50
0 47288
0 96880874
69 8805
0 149660383
434088 2702
7 877276
812 9075
9 64540
719245612 74835
916 827198566
72 45062077
56 3313292
75 90
91407 5
177489 9
0 3667
947 870422210
543439 646766299
173465 3272488
381 6770243
7810 6846528
4791881 50646342
6876 4
822674 200212
0 534652
0 809929
464 851042706
243561 58411582
9183 3207
7 111
1100657 84304811
0 13
659718897 26002031
0 17957
0 5231959
3815 9
0 990072
4754 7
0 880259073
548 1
54 749
0 41
86116 13513
719 393
4779144 90
681433 115675
419907 436
0 36493316
0 526
97937268 622009063
61775 62014573
24567 40237
0 28
14 685
0 27
0 205777926
0 40215
6 8495
627 407454
393892442 88046742
61 17
0 816885008
0 37784
0 78
15981651 804
7152970 54009543
0 28
0 6438
0 2199
0 7
42 967
758 9920647
0 4853691
0 3
56502259 3732181
0 68644391
0 261998866
103973846 4
0 742173
0 2927
148548 6915175
2108401 949343114
1183635 65
0 9
858 6
8 9
9803 12
0 5485
0 50511
334 83
6202096 357972
8266044 79951
2701844 73416619
75964721 10
0 833
9820579 886
0 969
3934835 60763
4647 13
0 27771
0 74048
0 572896
0 52938574
0 14812
186 8
13 885811
121590298 7382824
0 20126363
0 396631673
38820 33975
9 35163090
2751 88911
5062946 3766
0 4141
31 23
994 5
7627053 954368
0 18151469
0 4943921
709081769 22151
0 983
0 20664140
47800 3870171
0 892428645
30355 311736608
0 4
5032484 98890
0 600
0 833922827
621 242355234
49 7
0 32426
0 83547788
0 76395688
0 957047898
5 2
871122145 658564903
1856 3508751
10 910979
3 76333621
0 490055742
433 36079815
0 695804511
616605 9338576
0 981052
0 985086784
952003 887230
0 911370345
0 7642142
983393 9003063
0 2
6 10
2 5
0 5
4 520
9 73079
94233 808143
4 758
75598003 5773
424755 6679
0 93
196422678 2038049
656478402 823276
4 74
0 3213106
63501 890
0 5806
0 3
0 2782148
0 13212
5585521 3
0 63844
5835681 92
2859637 993996
0 493633
668162775 40452517
3894339 53597147
0 57942
2786 930835741
0 438
0 627864
131733 80
0 77
679158750 514
183971250 604530295
0 775629271
0 867174813
0 2
27 8076538
0 7388064
747625672 84276331
6014 6607752
57340433 249
0 4374596
0 6362
0 403662135
0 296233425
21632582 36
0 6
0 824162
0 548
0 531271
895613109 96525
826 92
2920 92725189
22210 39250976
0 5379
2 1129
0 73544
69506127 39988662
581683 855920181
0 41168
0 4114
200 454
0 8537028
0 965046934
88 5560
0 99404861
485064331 621
0 32
200353 674651
0 5603851
80869006 80202430
801 89074218
0 1562965
0 61593
0 211753
7 273150119
9039 7
0 896108871
0 84719155
52435920 304
0 90720489
1060301 33329
0 566
5258 76938
0 595
98 627
56108699 66403178
0 2007
3939346 639137
23261130 936
90 46
849715 5221
2792110 552
0 19802
0 9403749
4541 3519072
346228 403
0 5
45 20993458
1 2
479541 640724700
0 38252
41 3607686
0 62807
65 1807
0 71
68285 960708
8112485 8
0 4
0 566604115
0 9315
957600725 428616928
9304 85
5460032 7
0 6
0 608980817
0 82107
0 750
0 6998358
0 3345
0 1
0 7075423
0 8047141
0 1646704
27405805 56175
3 212238
807747 7
0 57527
275140 883
0 35
7 25
0 8342507
5 65072
10 4477
360097 502549
78 23915
0 2515821
0 342
0 732070755
228 62
58681950 12471
0 60916
7658501 32559
0 46772645
7123 2
0 1868651
0 927277834
377838 9
0 79449881
53709567 365542
243 4272834
1 575
1176 895
0 42
40218 365331
291663 512396557
306 608451
6 651
0 94
0 3
2864 791218
30017 3267
0 22565865
0 2432400
0 81
0 61
712 860
67433516 58956
0 25406226
84 29041
0 7
78042031 10
6 5808
0 14453
0 87
388690 2246969
0 1
93339341 3
0 668923469
591819 35
0 26943090
0 8993457
501163364 6
338928 9975211
0 90
0 230
0 4263
9 44
194976 2
959518825 4
21470949 857492890
0 369663515
0 59526147
285862421 83201
806030 1628
167554257 26
484291 227
0 78
0 372
962 68278
27 859
0 462015974
75728087 5699690
19422 91296
0 18811
43368 36625
0 801
24486389 7990083
0 5622
7738557 6766
7147 395811
0 144714
0 91736
81143880 71558116
0 45765
423 99
0 6217
0 1683594
68886 671
96055 97
0 6887
0 58
0 9739
0 23160402
0 73828346
0 4396687
72249 98
420375950 280963
0 20659
7798 4581389
0 3883
4040043 27992
1109861 71
0 7572585
0 72
8862 7
65129 20783682
76331 434
10 22752822
0 216870
610486176 380831606
599393876 81
381586941 95140596
0 69
0 648895708
0 504
0 27355
777421 22
0 681
60934 14793
0 284094185
0 8
578 918166
672398 922
8 685315658
0 1825038
0 90
753834 43801267
0 6364246
86235 730685
0 10
8 23
218673786 31
0 8072550
23 235117
2225511 651881783
0 63370
99830541 8928
0 444388
4 88
0 554
1 8798828
883217 38404261
783160526 100
1 727365
0 47
872 567515
6343035 528111
7185 97209
0 10
0 50
0 184745
275 29678
0 622301602
47794 456353802
134432912 94609
0 358
0 1819714
0 112
0 4151151
0 882021493
69 85570544
71 2
0 7
1630 4325060
0 460402
192 97985
0 63
65 61
55 6414213
0 91782
229 656
0 4658628
0 3261
0 93581
0 530461630
0 491
0 5058628
0 103598371
0 148
0 76083
0 921351
113624 92042018
7947178 319973
0 9
33 116525631
473 45170597
0 52256472
2 27
674 161384430
0 768508
0 6539059
61 642787
291 264
70418626 128
63677 757
0 739
0 762
67 472
0 1773
0 5830
0 998273
7957376 3
9293 43979
0 2
52143 83
0 18
6714 6
89292048 3020
91085280 3034
893565 88807301
444 3572
0 93249450
0 3861407
149223 43513
0 57091
0 57
96 1806860
4187 2534087
0 290
0 7
823 54
4699 420734707
0 5320
9343584 848556190
44 2052
147491864 535
0 16920
0 46563
27394634 64302027
86 15633009
81210096 447
0 834093031
0 757671481
47819921 388
512636 871949
268272770 879838
0 40480
0 85751
609197 6
0 254
0 54224133
0 20918909
0 8
52 48513
5 3743926
91 9550782
0 7
963 586258
0 14
956137 6952672
521830616 734631
42 9846
0 7869491
0 12979
77730414 50283706
15685990 9
5113 996820908
0 82788
0 7488326
9911 52
130120959 911
0 2
6236 120
42450 689130
