1071 1198
52803730 78251478
0 7727925
0 6435319
0 940648945
0 167
5216 35
34975935 717150310
927901 9523672
0 5
0 2610560
0 572507
0 8
29373434 6
0 476
777 1202092
0 75056
0 17907122
0 38
7531 143049
87214 1
0 9438
0 71
0 262
455989473 10
0 43424
28150911 251880269
70 4
459155672 91891
233518 52734167
0 69359
0 431771
0 47
34929 51
0 54487059
0 1
0 63334694
3627813 1653
0 33207674
95 20
93 483
0 42497
2183 4773410
9188826 252450982
56438 5005
40728431 829367309
0 2592
7292 657982
10 9106200
2 6958252
0 649843581
0 16908266
0 5256
42090888 1899
0 1463
9648956 834
588 9681
0 891178533
5 7218
68903 834203861
5 9962571
151 314802
45133 1896262
0 30218623
2 4062
0 8450
852528694 63234632
3700988 927601407
0 5559
960 445
0 9656319
472381 26
8711309 54987527
0 585927282
7902153 876658
0 66380
0 9
9412 3309
10 14
0 944
0 3700851
10 15992
42 349
218762 7617710
402275860 99745
45273 361135596
0 94665
625971 9
0 251817472
0 5779877
0 643
0 9153
2268980 393824
1885 550
33195 1
5 706
0 2229
0 1519
0 13
7072 198482478
650 67739
0 3991
0 8314
25820004 334715086
940 602
0 53502
0 395690607
88255 5439778
0 95
0 3477
403371793 566383
3 27
21408200 741292
10696718 474007
0 5055014
6825857 37580
70313 404551
383537621 1952263
0 38163
0 3
495 246677
2 8950
0 65804
0 2076860
68 5846
908177677 81755484
3 5
9086315 5296749
0 5
0 6256
0 57
0 364270
166 782612
1274589 40447
8614 5440473
0 6
42796 2
0 103
77534154 974
68033392 4277234
0 65363203
0 81880649
0 2025444
74261 654330
8138956 977015515
0 10
0 64060816
103169875 462703893
77183 6386
0 25540
0 10
0 39979
0 49086
0 89944
971 80480796
0 611052828
513 209207
0 1414
82 5786
0 3046791
0 60533
528733 29239
0 83863053
0 299796
1818 334
0 25455
0 127
0 16
7706 6
60799 99
8874 80
594 53681971
789712004 6576
0 325
5445951 834657
0 103
0 7
0 47369
558 849
0 53
0 2
0 571
1 759904
0 9854931
3 8850573
0 646
0 365
0 94353279
975 8235914
0 239523288
0 81
48081 499698
0 58888870
0 91
0 284321
0 623874
11877617 45
9 681304
15 37494
0 4
123203723 27942851
0 36464019
10 47640850
0 942119
0 60204
0 15
0 136484753
78543 80955
0 463512
597606 246
529 3101013
353667752 976777
42094569 19
7 893
999 8
148 771148151
0 786
68553571 649877989
0 699835947
0 5073
709507728 8444
0 902
305564 258550167
83911307 4
78 9671800
0 784
0 80334589
4071 7
0 63837
53119002 728637017
329256245 9164
63215419 5
774436 656
149135 10
2 28
0 15381
86 100
725374294 920146
9203767 4624365
0 21498842
0 13780651
0 477
0 69
6423 94727
477918097 3576
3581 394383
0 62009
511620713 8872
0 912575975
0 122181599
0 85494798
0 23166
0 4
565447 165831
650 3457
0 8357
2187 25050454
45 575995
5603489 99699627
79334 44280517
686269 707399
15070587 1558
0 692
0 93938497
9306 51311690
30402 69042801
48 3
0 16
0 5751
0 883
304 98981074
0 769
0 44569
228 286994800
20 95009445
7841 2
943532838 9749404
0 733833
0 3412338
0 33
465 958700
0 480250
6309822 31
7877 580495
62 29
0 87
0 71938
8398 17156955
0 130667
0 7
862144 9597463
198 83
0 436683
27 150
0 151028782
871872418 71877695
44 9340573
3 60137
0 5222565
4 146
3 8918988
231645 626
0 4913
0 9130
15575 65
14976975 6923
862626306 55242857
85993838 9324487
2249 807454055
13917 18
5 8820
0 548676539
0 5665955
0 50
1830 60111483
43540 930
449196 107554107
0 880235
0 71
0 60
5409 959683
2180 5
0 3885
0 813
7590 1461
0 6
0 24792946
8334925 47
0 23358
0 480247144
8277382 4192066
0 886
0 866
0 89
2262 14
0 78
0 47099650
2954192 186
10 93
463376 972781
331 996125962
0 7791399
0 53704
3352813 10
0 494323009
0 50954
0 428115
1 6478061
24736475 2998049
8 31811932
312357 10
0 61
18491 720179
0 29
0 86
0 214
8099638 72
0 62672200
92582 20531314
75014 536576
850780 442
62747 167071269
46764706 491822745
0 999
0 42
345241739 650234
499475739 62185
9658210 9152026
282 58505036
5582654 85
0 5221689
0 1053
570 156
61895862 59090
0 5703788
0 93014190
9 367
0 5648
4417 6041148
0 38300
6550 73731
0 403001298
0 26376016
292591 172318
334058856 2
2387 992393
5784605 284
0 591
44 2334
0 3990065
79936577 74
745 4009007
632817 8
6564 88
0 94879
9382 39453120
468 64
24307637 7
0 5894175
0 4228
616 516776458
0 849022
10 726556
5063 70
0 10
66548 650
50163 66
0 74646
0 5
7279 227
123915 2178160
2945 9300
0 623785
8625464 4
778941 393
0 8
31694 3
0 24
15 2
41 8946095
0 26689680
3567 7464
8867 57882576
717589387 994641
0 389230
51798828 24449
426719 761
61230870 4448
13179 331998430
0 1228702
0 36060028
0 2678
921365 3301026
10 75736
31505221 9657
97 10826
8 278
0 71756
29082478 4316143
0 6234949
1948 65926199
0 73672
0 27471164
0 2815
0 435505
0 426107251
0 875334
0 3217
0 1295
961535 5468
3963924 915229217
1745907 62
0 707688631
0 72444259
671338 597
0 199749388
63 1864
10 84797
5342357 7
0 755
29065 11961
0 5
0 3631
10 67746865
810 43
0 550
38212 333
0 12
0 30408570
819336 61382671
0 59
0 3366951
613334 570864641
5040 748875
0 4753811
0 3989
0 7977071
88505987 4
0 46398462
639549 894
0 58
742644 6
0 70106795
9657977 563
453304655 4848742
0 587427894
53212945 52555199
0 959959982
194573986 9180491
4714450 491291479
0 2
2264 457671
99348684 484
751 6951703
0 99993187
3394 91096910
5 29245413
0 26724
371057 66660
0 3995800
0 8
8431 5387
0 717
7616867 751991
911771345 4
293445297 5
43 8
0 689695669
70 45094
0 7705
0 4
0 43981
608 9576
96208 9781943
0 340204
0 460
0 4227
80784 4563
602 638
0 2336
0 9881597
8 746102
0 873
31193140 6157362
711 676681
86 182621403
0 2713037
0 32946
0 623541589
0 43582953
0 5606
15513 473427106
0 9289
295057 2447
0 6883200
943347557 96284270
965642 8
463871 9727
0 2262234
0 75787445
3303 26699652
619956985 48743
0 847044162
0 2120
0 335124
298129840 2754
9769 863453
0 682
0 6331044
299 33019706
0 1
4 786018
0 824392143
0 43704
235 6754271
543 4918
0 469057379
19942810 215
71182240 3875064
3950267 508240
2201537 9547145
0 597310661
0 32887
310798 208153
0 988834
76 39734905
178777651 129120
0 662887884
28 651110
0 14
991719822 766
0 90260443
12953 9251892
0 5418276
0 54290
0 6931
0 42661
6 3028
4550 55284
60719 30
5803029 9753
0 8
0 32701081
703 9
44260958 98
0 5
6903664 9234
0 199
9 71460300
0 37
0 463302464
0 494
80 23520
694 360
582167609 7435
0 44
7780879 688
70 914966995
98 86741590
75695652 6912
0 479842339
0 352572
892164226 9287563
599325285 6605
0 7552517
749039 6353994
0 8
0 7201
8 131
0 500532780
476743 2436068
0 34288
0 542
0 465181
0 52566
155965577 96747112
0 74009038
0 467309213
71 388205427
5580791 4
0 252
0 56
0 82017267
0 2556621
0 44
0 616450
0 527015624
0 3074705
0 542314
23921795 8542
457111 43746461
8872 392719
222346829 82673276
0 3
983741901 80
0 4909
342 20619
911 90196292
0 796
9530611 6639503
192245 920244228
0 44942
0 648
0 176836
0 7
0 29
249121539 912862407
0 289
63269 2
75 74
0 1525442
0 398731
0 9
0 561779532
0 1543
0 6
0 22385
0 851
0 6
9672762 991214792
0 85599
8 13742
10 3337626
313 929230990
88035814 256641847
85670414 4214163
62774594 1
0 49080434
0 362
0 88039
0 41568
55 27293
0 52
0 71
0 8755
98 7967
0 948742
0 980581
5791 623791
166250 4723502
451466 89064662
0 351626
669 58
0 9482407
0 2
75184 769173469
0 6
6974299 926169579
55 854567022
624234394 4
0 9853
0 752070
145493 21157988
369 19
0 84004846
2 3958060
829 106272
0 752
98630704 488724050
23362 5
52938766 4
6957356 8
56142760 511624867
0 48598
0 2237276
535425 796848045
0 91643
7 181216054
812 82979
504 30773
0 572
85801815 5907239
589245 7169610
8544 4413
18363 9552
88401744 48
60540315 521279
0 236426807
28501 10
0 611415
217933 9
28 501
78394 67447
0 6
2 418191
32851 7154060
0 174163
713788 1
0 887102506
0 10498688
72 9589
26204 42848641
0 13868348
0 88
52718 65722
0 10
0 63
0 10651
5 24
1864223 25474
375618508 854
0 136575134
0 74432
7 51921
9096442 93068
46758 96
0 355004
0 44187693
0 63893654
5588686 18139226
7034 52
0 31
616 91180
259797144 6279
53290 38210
89923532 8
54414 16
0 304198330
154782 38950
0 8830
2517255 147833758
8867195 21345
0 138116
0 795
0 62
0 93849587
9665 9217476
5 716549299
72212 2089
6 84
50 6451302
0 30463638
38737 8
971959 9
0 3
0 1512636
7507613 56713106
0 82
0 974
3964743 57
0 417732374
640854 24436
0 546374
0 741655
0 61
0 89
216 76442
0 89
0 8022
650565 68886
0 77
91586790 22266
0 77
5078334 65950631
848885641 3209298
0 11
0 682577
0 2
0 218
0 4
754402135 7435
86457 7860
50614826 8798
78 90
2723 902604125
768608 404523729
0 318
189233 2
0 96163
0 27229530
0 1
48045 168
0 17
9809689 9132
51194835 6178533
23127020 189035144
108 52067
437281 163912691
751672502 521434851
168003243 10
92558240 32281158
778 44
0 50802
31452 9
501 218
3366545 43
0 43631
0 922
0 926841500
0 85111
535298 572725733
52 6
64391501 7069415
0 97085909
0 785354504
0 998
8817567 92
25 6
4327 9
0 6303
0 84
0 754613070
86583848 4695616
2 243924
0 9
489955739 563545809
0 9
0 817
0 497
720 4787956
8 2168493
6 57150761
0 5552050
209884 9578641
0 949142949
0 91
8933976 5
0 2
0 796068074
0 719192506
0 5018
0 824597641
17555826 75230
0 124747
9899216 72
211721 565091964
0 235925
1239620 2586832
0 2
435 666660
76706002 1319872
91257 690445
0 7
0 9286584
5418823 2
0 6
0 8885
61 725006
767 61
0 419627062
93262 96367
0 77348278
5042 60433
0 1
0 3
869846108 841
7996019 666
8 4727
881136 20095
0 463480790
0 32
0 87029
0 8
0 7283757
1273 675769786
0 81418
4574 86051133
0 10613823
0 8
0 8098417
229912 815751
0 66015353
0 2279094
69 5887946
792200 20180105
0 604031
2033 469
10 1097693
0 11338
62804187 51986
0 6
717505443 8
610713931 461
0 377
68 4674894
0 58
0 51530772
0 2
905241 1636076
24814 314
0 901039016
0 6790284
544 8178
0 38
3647 463486
8867 7339
36 456485657
358889348 18
0 3591
0 2
0 886014
0 228266
835275421 76
7092 46
76146 87623
47682446 9146
0 64712356
0 22554515
1217293 354244
0 722
840 839
627 820550
0 338346
842288286 43066
905845 473
63 575931
0 17
6829 3
14496585 900318
0 435469
0 29
900 248102261
0 803
175027550 62969
0 8
0 41
248970109 82248
7314 403
716032 367768909
952113734 24
0 59
789950344 4948221
0 9590
6 92
6 32799
27 264
0 513283168
10 8025
8 311
0 1803312
7 96
13 100266926
62 877
1553576 53186341
876 34
35800690 5666
5705592 484198
0 735656
0 282817257
0 8032
5 8103016
0 384822
0 6226370
0 244655946
31133 4425
3 56713
49532 616
0 994
80549206 6
667527 94661732
1 554580
27017 9
0 7756
977201895 436102305
0 224765305
28051188 94060
60280 79087
92392 15
1563 19490412
0 58
321906 8
70652 9
0 2777
4004 4
89837756 23387
62925733 86727
0 260387057
7520175 857
0 719
0 77436634
0 74592802
237299708 4
1442709 394455189
0 2
0 84
0 87243
0 8
10 601
0 8746
0 81346319
937954676 39
954395 33761
24230 995392
294452 403
0 295858444
190452282 278504024
0 4228
83687 145885
1715 47403274
0 486
10707 7830
0 54599725
0 4127
25 18932
4947 64397430
0 9617
350816713 17311958
1 800102
0 55
17743383 558
217351366 1083351
9802 76948489
31 29
497 60
0 3
9 676143050
0 830980
7641900 115578
339862 315
0 8238
580190105 439577
69 18406110
63765 40452
52 7869877
5593 66
0 22335054
0 107
0 9705
40410595 7
29340 476
7576035 425591
0 609211
65683 14447
144977395 766760394
10 20597152
1 629541746
13815 1586046
315510 64602765
233 5728
0 2347
6672721 200796
791 497
