387 922
0 63435
307994 1910480
0 48
4888934 756
893 75
0 40509524
846 8
0 69
0 40635
0 93536
0 77
0 7294803
25874095 90
0 37699351
711 33025
0 864444695
0 52507948
36943 3
0 4229
0 772408125
29657 12138566
0 5031702
8542 854
0 4604042
0 8061550
68 14835
60995708 97847448
0 611214
9479 296474827
1320 647
9942167 804
0 87417085
0 668
35 487459
235 9
87948 46
0 42346549
6589 189756718
0 95276895
8571974 103056964
0 203230346
79621 380741990
506359 73
0 149856288
7359644 7523
0 26
89548858 96797031
0 65592
0 2966013
0 759
0 41525
0 755
0 75
0 259097157
6 66
0 9211
744 339211444
969792978 9493
0 1003815
97 591
1 8506
8415 1701
86083 81298272
0 82
0 355824171
56 8
8332660 23
0 343230
0 91955
0 703
0 75
1 5
469871 35868092
460753 368935592
0 731
0 5779
0 70254
0 733862359
0 463719
752233860 850
3987485 3589781
49915645 78008
0 4
690776022 67790
445961 735
0 7224
0 7250
12114668 1318840
0 83853509
267789090 37525
142 64
0 861401426
0 682
1519 1
0 93403
4823785 662
46 3302604
0 5484493
960819420 844425
668825016 197
682735326 2
4 623076
0 40
0 173613
69 39
916 583
15 968180
7843934 118
0 411
0 560674464
0 3081228
0 5395999
0 48601
69 7
0 6314196
97033 59555427
930369184 10538
93 409343
5101 33752
0 1097863
0 462770
57123 6981
9996 40831149
126395932 891011
298 854824124
0 52909901
0 847142
47 66
58837510 917762
118255 81
594576 48373796
27724944 435
77922 73
6 4308
8 22
0 4
698768695 8627
0 204
38454780 4224438
582149542 56595
60 165752
0 413
0 11482
972 41
2 622845
0 3
0 3015015
0 803
661883 93
52538522 83
0 2742526
0 928534826
0 28896594
377755 407
0 99
42 408
0 4
0 89307529
0 35549
24 3894
0 3453
0 64905
76 3606260
3391510 906759
0 524784
0 76062
939942396 8
0 3087344
0 44
0 18
0 9
5241560 606284659
46270 7866631
0 152
0 380372
31776 219249
3739 8085
0 623789
0 175644
0 288872
6 45982
0 4292
869 888681945
0 25
166000 73834
0 18309500
0 7698486
0 40
2936117 60980892
2 34
0 347299
0 88401
195601 7
98 8
666406 51492
0 756073051
0 62
0 8
0 808347
5922194 280679233
0 4
0 1277
38030 82167508
0 10750345
809 388063
7021 14
809 56981969
0 2290
489 110146
0 87187
17 6562
420 1
0 25826685
0 657924
0 21131329
0 691083873
0 7613
0 9942
82542589 70
19843 59054
0 2442206
82555 86725107
0 46851872
0 3375845
3027418 98
0 232
0 8195254
0 492957
0 195656134
0 5
567437970 58253
10 341421
246245 7089
89923 838992556
0 691599041
0 6363
69 2
944497 5055
96474730 7
9084 999318
0 92
86 2503
0 4089049
2 8678
0 7
10 722618892
0 2578
53 3
0 86002
478406 469743226
0 550
0 31557741
0 584384772
0 300734
5 5891330
0 4
9042 307
92432886 31345
1 1243
0 145356
0 8365778
0 65
99653017 45
0 3
74 75016158
0 651807
0 748
0 42773
22553297 9807733
84804051 285092
675176034 28088570
391 11673899
0 348
560 76471564
0 2
94210 4
2289549 555
208 543896711
6927859 4983
932555 3053
0 188
5583 7523
274 5616
969 8977553
295261 15467
0 6317767
12854 720
2479 8
0 2633400
1 351187921
0 4496
0 808458
17050427 927835
0 43393
0 10
1974 88371
359354156 797851401
0 727625
84269832 5722166
0 8
3317 3
7 111978
0 316
79 6812785
0 1
0 270619914
294000 563005
0 78705827
0 286421618
29 952
121 72721416
982948170 650356
0 97369358
0 383822145
56 43815437
0 63866462
0 478043912
0 7955890
0 7642
0 32926
8 5
0 730
8 8
0 404
9079 661726442
0 9
410999 38600
95 9371
0 2832
5112 540840
1 7892057
10 3782993
0 790341608
0 44304977
88 41
837535 12728
0 2
0 8
0 8341
0 83563263
0 18
84509 75863074
0 125643844
18368 391623511
0 8
69 58
58936608 275
0 432011600
995 7830
0 88
362104 4356363
172452 5
0 2894618
87 99027930
0 79
8681552 376670
37445 4572
0 88
0 273653708
0 22556
11019580 252
386190595 893
0 72190
10 5021954
89369439 1035271
0 11563
0 56984359
9427 5111
688133 188250
654 64558
0 7584042
9112 1566538
0 210
0 3
5620 460
10 2840
351493 99
13816 389340588
0 2
5934548 32359
451146293 283246802
53248696 97897
0 9
0 69960795
0 750
905916779 6289
0 1586
