1703 228314112
490922415 98553662
483 9876
66497884 91
3 392
0 4
0 2
0 652
0 15939477
52731682 12254297
0 4001229
480489 881224
0 97248
4 9151719
510528 75
0 365092
2995873 478701332
203816510 5
34 442185
847 750049996
10 9992679
0 118
600 6081208
0 73178588
8942 52813
0 95191
0 7
5351857 635034
686419 707562
0 9
0 704752092
0 610960130
0 6
594564316 9
46211566 39364300
9806 4
8053 651554
602985863 399416
0 20
4701 425390
83 878
70227448 780673273
0 6093663
0 842
6888 156988
485776 348587147
49 77547
0 10
452461228 6754
0 6081304
0 900402181
4 4235397
0 2611101
294410 562098245
431 15
0 8
695758 6431364
30 3760411
7 26
941 580657
3431487 5202
0 10777785
800945636 6416170
0 7459489
0 14730943
0 86
1703151 623975
0 4237
90 2
0 38197
3919 83
0 291
0 10
0 1
77334 955710
0 188634567
8012474 635347161
0 91899
0 7349321
346324672 33239
0 9
22015 475499
740 8651
0 955742542
331579546 59219
0 786660
0 423303426
9 1648
41 921
92177021 806919
0 10
0 7
0 9886
0 5461
562 9
0 6814843
59760420 7
2 7579
88 723500
203 5
0 2034977
0 8
0 731
590546245 2
0 127960318
5611301 573
0 14
0 153960632
0 843217
7740742 39
84 606578
0 767165
0 8
80 32
0 117150417
0 19439552
0 972
0 73
0 74784
6 53
1974050 71
0 9
4822631 19456
0 4335
71389 4016
0 397497
3585 885618
0 7323
73207535 83061610
0 3016974
839649806 357762
0 928
0 917
0 32036
31962 86
0 173552
2395 930951462
921 4
3564 74853
74 62694644
0 707789454
634043183 89985
4428 21261544
0 63534
0 28787
732449741 94962
0 680
0 7561
665324774 30
0 5632581
0 4284
0 77
998584761 880387
2 3358040
82617058 63625
0 10
622238 496261
11 95091
26152436 153809649
87765 5487
0 7484011
0 7
10 956778106
0 17
0 1618
9 93878
936 10
0 287118493
0 5639600
74 4
8360140 1754
6 7
0 10
68149327 2
0 8129
0 32901
0 31741
46650706 83318283
0 509863298
0 684568040
383 944143
7 26
0 35977
0 7063582
13827 286934
0 489637
896 459
0 1010
2 745423665
0 960198805
0 75
0 16568493
0 1753
0 61095
48 128096477
0 630052206
0 67
73195496 7105
0 701
0 914786072
0 3020689
0 37022
6909 1465
0 40
0 30
0 1693552
7 76407536
9278696 66
39 1
0 34370
0 552
10 10421418
6308 6193236
8860137 7726617
0 9338646
0 114042
0 212133186
0 351947
764367035 321
0 8
679 3445770
52 49
41125 31073157
118086 48347488
2654 27
0 222063385
10 325
9 15010
55 20
86721 576842918
0 1406
54179 3
0 8319741
8529 519175293
36365467 501628819
0 617
0 695800699
0 561
0 7
19638 758
0 9
0 96462722
0 806
64942817 89052192
0 367586
22596909 8791434
0 54913657
0 62
1028611 36140
0 7223532
0 861
33739395 381610
0 29490
0 96870
0 345635
51327 55
3 112735
540691 2198
0 656145
0 61318277
67 609
1892836 760510533
34 422480133
5130137 575530
3 8
650760 801575661
258899 88440351
19945162 753871568
0 8684520
2102 94468523
0 3412
3 2684
0 334909
18 48951102
8476 51429395
0 846328748
0 18460
0 9
0 9291225
0 25469
0 546754948
576945 41954045
22489704 27825982
7588614 77019412
0 27
0 6615
44 206079
59182580 29001
10 405433400
140784 5
855771541 593436
59455118 13
457 14533296
0 43505388
48 3009
0 887842391
58307 232700
198 55944
962 920817
9 3
61862426 925301048
916452896 458
10 8488
0 123
0 889
0 406488189
3 42286324
2 985
32916545 5572795
0 846
0 2463
0 345
0 1
133 968913074
4145943 5484
35456209 2324
0 239805
0 1066
0 45329
10 28106105
0 467298438
72 2
13 41586056
4322982 34758
0 65694
0 444015
8525 1338
0 57534
0 10
0 86
0 915889639
5153 1547354
36213 96
0 76
98564 441
0 7306192
0 165062
0 4731
360847027 86962
0 5127022
7235 70
4376 36281276
5027404 239809712
404 48504768
648 1
0 521
1 53
55214783 93485
50 758
0 5
0 10
0 596836
10 87
34 5
0 56
76291 333296
75467842 26960
0 2453
0 463279
0 65
0 60547351
0 1155118
8056073 231
0 2235235
0 783552
0 6
0 601
0 441803406
835 76339681
0 3308975
0 93
674 62830775
0 9328
3238708 240
0 39611
0 8141
0 48975
0 311121144
5450285 1
0 1
0 46997506
0 6993
216 713
85 381737114
1953 36891
911780230 902501
0 990809429
616482 55099308
0 6888878
2 38
31352 76660150
89003747 659094
0 1
7599 598435
73428997 153
5244296 4110
9182 1953196
0 9697
0 23910
877325 2414784
0 8830
2291979 214180
1171549 2936182
20024086 22821557
0 36
10157294 9
0 9
5262 14
0 3
402629 97531
0 60501
82078 1159292
361 718
0 981853877
0 806370
3745 6379
0 6091527
15 2475897
0 60174
7 906334298
0 17
0 99
328768 8143
0 7210846
10 249896135
81233053 9
0 2635474
0 486038625
80157484 621929208
3573200 7846129
0 9366205
16203782 7885788
912739684 10
0 1237953
9 753
7 98657
82638 9
0 5912
0 1062240
0 95170
0 18655
0 13632
0 50692
42 96855339
0 782617
0 59315144
89390 98903297
40147172 35351
0 34
955202707 2951308
0 25082
0 95115486
1939915 9580
713890569 6
0 775376
0 589261920
10 267753732
969896212 837
89434369 93296
5 49
0 93265210
9 2713338
9 9992
0 434562271
0 6
0 213600
94 382
0 1306
526197 548
0 8681107
144467 5601173
221484166 251
598739 89533690
2 937
0 410718
8576 6
0 412
0 1336268
0 49517081
9438 6378
0 8
621 4
0 15088
0 1865
10406 172878
9088850 34860
536931 889149
892 3112
11103240 4743066
0 654605
71 32
0 51
0 61611546
976900 6920
802647 32
0 36
0 7089
345648 26968846
827 95546749
0 104838
0 54555366
0 3761
36637191 43336392
0 49664255
0 298
588352 89244303
2766495 43064081
38189 80
2 89100
0 563940594
0 402667
49459882 88616
8475 887
596116475 2
0 7
0 8346
0 117245410
0 6677068
801 751189514
483 501465
0 6010
0 9
0 464274380
0 48
0 943
0 75
0 10
0 307483828
0 10
0 5771
80229 952
6410889 677
0 69637
56920077 65039
0 20954249
0 69834398
635318497 1
83 224125
59108785 29406
67 3326049
61675 1024034
861967 85841848
2408687 10
311 66
0 302
6 3534494
0 827
5 887
0 3
0 68540
0 730937140
24 2321
8 838
0 10
0 495969222
43540138 404
92386933 8136
484337 314
198149558 484
0 954844
0 160
72 79086436
0 7191718
0 62404
0 902121
5981 1154
0 5473
6091 854365
702 7
549 422164688
46154634 636406
2143 754367
52 3
29 425604917
97202 1703276
0 519
884997096 144523493
0 5074
27132 659319
0 61
0 407
942034 4
0 23332126
804226956 9
0 49842685
0 84823126
0 69518394
2314670 24
2764 94905177
0 5948
0 376426307
0 2632
0 7
48 872194323
0 3
0 54
935 49483
0 71619
621902666 2151
0 46644283
0 24693640
9 39
142801 4
0 1
151272 4277
0 83
5 3
74 29450460
0 522307
0 64339712
0 60649077
0 3
0 54555
0 85301999
0 5917900
0 12
0 45
0 17169629
204228399 6575847
3044 973027035
77 635128580
9290 895248
803719 96925475
0 17558781
22817236 138
0 4167
0 16054
457 3
213402152 1794
0 744400
0 694848199
267699391 256032426
2 81554477
0 8193743
8549587 705
0 58389
0 21106
6468 98440721
71 64085642
700526549 4555269
6 14507747
64093 491
0 187079
45245302 50
54287 69794
728 5
0 5933797
4 52625419
0 266953699
0 8130568
16426281 10474937
0 72
701 72211
920530 10
781441010 48908761
9512 2617
0 128211
3715515 97819470
0 812908447
0 4607
0 15
0 779011496
0 172979813
914441 4621
0 45953
82013865 9946237
0 35
690289 21338
0 202
0 43696
0 267049
0 49
80062786 6398456
0 14073
0 774462
4684 986
0 6
0 9437
849261303 90929720
4854398 9
0 9515
34 4517
51 4782860
0 861518644
0 8
0 955804816
0 8521
0 441392089
749 205481
835630 748
874471915 138278
0 84
5361 565
4 134305
0 2
0 132
58066863 165
0 5
976 16
0 83336
0 279498776
10 20457
0 10
0 8029613
0 4
3060 873307
0 4110582
1464558 823
0 5719
0 46203
25 510468
6523175 68
2678028 69
0 481340734
0 829
0 261396
5270402 474807530
73603050 3
0 78
0 8844556
0 9
65 32199531
0 1582135
0 5903907
0 38295
582583039 4
451 79
94017 27871705
0 5678
15 23197
0 843718172
0 9295592
992 8452395
0 5611761
0 384
1311 747791
0 129
0 594112365
0 27265
854645 4
6942414 21
0 835339624
44 60
0 14340
0 5217760
11222 6928653
0 564270550
0 8097168
83845163 199178
0 58285
432126950 800
991 38592
86535787 9544
98 62
0 75465830
57 5
0 5887
153839 58442053
0 374
0 165395
0 270544
0 219106915
3598 90123389
280427116 5869851
5589926 230094196
36864221 1
0 5
2 292
31581085 1611
0 19
30972793 2548285
0 734860
0 947777
0 5
0 63719998
0 882385667
98 525416417
0 3365044
0 43245
0 60738166
4726784 451
1131 52978118
0 10
0 65771
65 81
95163099 837
3844 63708
0 742
0 590
781105133 646102
0 3414498
0 38223651
0 2127635
622 1388
9524 2220
28 70
0 602289
0 77211
1 170456563
0 74269
0 316537
4933 5624
62951367 8270
0 53064
0 689464502
23307578 848
81974 74
0 87
4628 147283522
0 502287
51707061 6513500
73 8942376
0 814791662
0 96597535
0 99278
5 83285783
0 9756517
0 1
401676313 88306333
0 27159
0 59714
0 74
0 7412077
0 442
45114 587
0 73
6438445 332
0 9110
60 403511584
0 4149580
977368331 1473018
452659 9510681
9648 72
0 29
0 92
0 8199
5 448133
7125845 610076
0 664362658
0 73498454
715888 8
3 295
934903 370598
115252 461
33397 92714
0 9944739
0 360
0 32672518
0 83
0 2006
0 36
375892261 9
0 513
743884 5168481
772 48470
13611 878149036
56 537960527
0 1141
690554 9
0 515283164
25693 2209
0 15872
0 554179933
0 3609170
0 9611
5144 11295703
0 197871
0 79495235
0 482777
0 202169
57 105618
0 71896
0 128
0 6246
0 8280819
58221 85184539
16367742 292370
9210100 52680736
0 36404545
2595017 10
71910065 698
1 89
3037626 8005925
0 2039001
94375 639746217
0 863004
0 343952
44577528 66589
45474 513977859
4333296 432735764
87 839105
0 476426
0 47
381262223 4
0 638987
423739 519
5732234 86627
6268 223175644
3406 47
10341 89337
0 2549
21443540 934212834
0 944164817
577974 68761
18 322080
6 43718254
81171 90
306445906 792
0 62661
0 970
0 4383737
1412116 4745345
0 80794140
488925 8
0 2631
515650 72
0 4
0 73476
3332574 40513
6 87
0 2
0 3482
790 62
10148992 35
0 5
4796 351
0 94480
780714 92324
0 8
0 21666326
0 77968997
396 4
591 9761407
846 6
0 3531
826443 67
540 340925
8045925 20261
0 92198
364371662 16704311
0 5167
394959752 63864
0 6
4035 7
0 16
625 994185
44072825 2568
0 53834
2 1
5425 93263911
41212 1997
968 86213
0 61851
0 226054076
119151 2427069
71062 4453953
0 7348
985 5666010
0 25741
0 9075
0 76492857
975869691 95276
777453 9787
9209826 59832
573 397
38 5792
0 53
0 838
44307396 3768
0 834104395
8 926
0 89
0 27330
401 858420
0 4986
0 361
0 3984345
0 100
0 1799641
6267081 988457
0 76
90283 2463
3 823628628
0 32417679
0 636000614
976293949 880
0 65011
15 9616
332350850 41921886
4 9095
5 592101467
88997828 77697326
393547 9
1480 25555
9001 9653
0 9760
0 77243829
318759 50
0 8276
0 74213016
7915175 64
718842094 651947004
0 472
0 10
353 2
0 155
0 485
0 567
17 9
780156622 5650863
284284 526866878
0 2923403
764989988 443444288
55972376 74
20852050 8753
227202 61134
960 1655
0 1996126
0 77058
5258 80
0 3
0 78
0 662383
5590058 7
4 1913444
0 2152928
72649810 9812
91045 9565440
2897687 2
8 328
7 61492875
0 7431
0 84840826
505 692895
0 508
95662508 39068
0 87
0 785431
968010 7006
3 91
277 47433428
370639647 51117
8201 1287
0 80
0 1397
0 1194277
0 7
64439614 109
55879885 4147
77433582 5831
0 177384937
0 151414
2 600987
0 32398
0 1
56428 848884
0 1680
237409 45489
0 433
0 39
0 429264025
0 4
433640926 2584
556449471 1538
43154755 1940681
443769126 9374
184935773 67945829
0 826218935
308 228
10778 983933
61542 3918129
0 563064844
8071 7
131 687269
0 4893
5015064 97083169
0 504587
0 6
9 57937
3369003 63051813
0 276
6 91364
9443 236
1407633 814765
0 6651
0 1110
558049628 448041
0 48992342
0 97487
0 23023877
236 693158
1296 88
1564006 38
0 887889
0 862
419 1
29616 10
0 2750
0 5190
60 49
9337 162522
620414193 50773166
7 50553
0 645728
83404 294
4 643452287
0 828
60725311 1064
9826 82152
0 44759112
84820594 8410
0 3324212
65959 1253224
0 203798981
0 219708
0 353539115
0 2309
0 30395
6 981420508
0 479632
0 199604
73648212 5047
0 40
0 23
0 18
0 8215114
0 319
163977 7714721
0 78
0 3
696818171 614231
0 9564
0 7327
0 5639
0 8985560
0 29938
97 62
765373389 83
791664 8311
449440849 9
0 289026
0 279
64202 460876
0 3578
93656 5082
46 682931
0 986976
0 13002306
529 646636
0 66608250
51 86629
0 25941
0 47
0 926386214
10 5911321
2209 4
0 91
0 666
0 80
9 71
0 5
0 304
7 4612536
9068857 3
0 71346
0 530230698
583281 98591
216430653 6150
213 62766938
316930 4
22368 253
0 991713
4707902 9508
183774 82
0 835
0 47
21709 993369
69737 1718429
17101 31065744
39 9481
64 484858472
47477309 57174
0 80504475
0 3690
0 85640542
636473071 8428
5475 84
0 57
0 373502
0 223714
2792780 89952
8 8841279
0 4043659
286935732 98552
31919 58953
243235696 445
39 420230173
0 1238622
6 401
0 121775390
28219402 31368616
0 77376
5 59060
531706813 93114396
0 125
0 27771256
0 680
5330126 2
0 870
10 38
0 5
401 495396448
0 13
0 580
836949 14652
2 741327
0 383735
9615886 8239369
0 14
0 30314425
0 51
47 9106140
2150 356460582
809423614 30848305
486 74932131
40718879 3482
68712 8
0 315551
0 74446
0 91
6130 3444135
20 889529
1292767 590329203
0 94
0 331
0 3842
0 8690
4504 84872814
25223071 5
39444 135435
8 52
44 451
1065 610729010
80567 79360
0 531
0 85
0 9247441
0 933
0 551188
0 964529072
0 8249319
607080908 375538179
869560277 161591
0 33245
334 451687405
0 98
0 11566
0 4351
0 1
0 211644341
7510811 44
17883575 6159201
0 546134199
191704 863
46 1425
170324806 69803
412726976 42461
0 655082
0 76463674
734 48
1216 5324
0 43
861571413 31330796
7 23763
0 8
71710 9221
0 3
67228366 10
0 38
391881388 47113424
46 3287
944259402 46556320
0 79
8704476 432965152
321476 778935296
6670399 533
129448 51
9335 248345134
0 104698433
527405 9
0 420161
0 33988580
3795053 21577
541 953
1412 538860
24881776 3148558
69911962 718
636290 940
0 91477964
0 78154
883 3549
0 50317501
49 88586
0 129624740
32841 9002
3849 790304
45597 156058935
530038 526465
0 696839
157 89722
86669245 13321
0 746302
178192 896
28808 4
134707440 7
877356927 1408531
4360973 2146
0 40
0 477558667
0 147
79 94
0 975991589
0 69
0 331
0 855
7 99
0 215953947
0 4
853502446 280325048
64 51089920
125 6080759
0 65
0 586
0 4540431
81704 60
0 966491
0 668277592
0 3
99840575 3972
20498 250666435
0 603611810
9 89
39217739 449
373 44
961489653 397
8297 90
0 2
8806316 9551664
0 579
468506 46864
0 566368
297 9153169
0 7146
45697076 170
0 581924
0 359
213 7146
0 3472
0 843391
59349334 82
0 784327455
0 5624981
202 586
0 873204052
0 824693154
34664 8374419
616401821 2
0 191
687 361083769
0 56037769
0 538105
46865 77288
88009 7
18 6054490
0 7856
9 10
0 466
60 91841514
499969295 5830
0 907
60282 1972
6321 24
32454982 5988618
0 4
1841294 7158693
0 861932174
7493 7931
5152196 32487
0 7150469
69 2039145
0 345655
0 179586
5 36779341
208312 344469513
0 487782
9 83
1550 435330543
694 759930291
0 4407077
0 5217385
0 62850
0 5367
9 4
0 1619418
0 10684003
0 4
0 833
0 81050798
226780935 1077
0 2246
0 10
0 65452
0 16
0 1000
0 13
1 9776997
7155 604528
14 382306627
43318 26054451
5513382 289147
50308 8
9755141 9724261
8 4
752516184 80761551
0 824
0 154795
0 5413920
24 50313427
39 185812
0 82509
0 224
0 83751
59219 9274187
268388706 241
51007412 32235941
92065039 479935447
0 40
0 629665
719735673 79885
2777139 782999223
5 130475
0 27
0 852
9 497
0 95771409
0 4
26177 37657
6 412483
0 5
678146 88
0 695109
406 109347
0 7
0 212342
16463068 44
1023989 3881
4675572 952979221
9 77
978407 7
0 7292129
0 8386246
0 99
831493 714
0 594158
12104094 152
0 568
900455317 48233433
0 9225997
0 4367541
0 792317
430201 427000
253697685 519
384637 42
1683 4333782
233 66
90 9534
3 295191
0 4
21 281965296
78377 62
9903432 71348093
0 607108
0 3
9 155899703
759979 164328897
45 585
0 78
0 43
0 6
0 8079462
0 204
0 9
33124 942684
0 8619763
20212005 48443
0 58421
0 525239964
0 5433661
0 12843
849 53178
0 5
66 404584347
132750601 483
0 147
680 726500
740 2
0 677396721
0 20486000
0 4821080
431148703 6412
0 311
0 73295
16 93623
828794532 45
0 94101
66080 348031528
0 75
288 97
0 4949
0 3493766
942759721 914916527
7452112 68
0 961785034
0 2924
0 4888189
3662503 312836
28506299 20
0 8
0 867636
70 727
653347 36531899
0 960943745
7828053 237
0 408850200
218776 6375703
0 55031344
1496690 47
9872188 16942
546098176 7368
0 48459721
661083037 88080
121834 6
8680 1
9991 88392677
20369 8821309
0 34467
98 628
8703438 300
312194563 6539749
9 5079
0 244368387
71530 28761734
33962460 809
0 864
372443 269404
0 11859444
0 3921
25393 64
0 23940
13805 812
3938 1787163
0 6
275702868 20974
0 230786482
89708009 6332645
797618 5313524
643687 2531822
0 3957
12 21029668
0 92458
0 96389380
1913 843174
161632 9
0 4307
0 92
0 26210
96 1427
29185960 1
5247 23
0 14763
885 8
0 6945182
0 8221
0 785
0 82822
0 4
0 893270359
277 190
343 928556884
0 133
0 6
0 46825640
512911 272
183 1657
0 962054400
6861 772950778
59272469 65
910621 97
3215190 6
0 442828337
466 16490907
0 76898
0 43362026
0 9
0 33711765
91852838 5333891
216725 70465655
0 881
33028 1113448
0 25831793
0 1634
0 55
3071803 16
0 213655042
0 9059195
0 98860
6988 58626375
3 6939
0 56815
4 9
51645529 3140
0 72
868804 31913952
8 95937917
0 807474
0 341450262
0 326
0 61776311
25 433
0 38127
0 8908083
2 47211372
0 5
9210044 25776056
0 638
1247 2
828055920 69
0 483424854
4742115 4
472307 8961
94354665 9535049
1552159 8708
25 5
0 43496711
0 906899308
0 9080
590168 9
0 60
6701110 2067777
4477551 2570755
45907229 1003
3802964 2494154
0 4369
135212 65702
0 95126766
0 831
37 616
8661368 852796
6670 1437057
267335 69
0 499727238
714016 2
7595669 60
1 4
0 2773
0 74676568
192810091 649
0 13
0 18
37471 8047574
863 424117011
1456 5981
0 859502
7 65711210
488 600
8416832 538
0 339
83151 760
1397 262145527
701817999 73
35 23250590
0 1814494
0 999620
0 88512186
0 56102979
0 933311
66861 240
761 214
1245641 113455
0 693047
0 29769
6175382 99986
449568858 451184488
0 16555214
87 92037009
0 2473937
4 2
3073136 6230
35390900 3
0 663620744
0 86644996
8224 4814154
2 48925
0 43922
