1544 804788677
258277607 51911
613065 7365
369 728001472
65 428
213 88645863
8 8645293
36396 95
7625 40
946 664
0 314113170
5309 83366458
0 912872704
556 3
0 85841725
8694 557730
833691982 261
29379 342
7 2996901
0 748410
787 5186
2 713940
0 6
935062 238
7415191 391177475
0 2094
848 182
0 70
5355 675
761713 775808847
0 6934
6652942 224
0 6
0 786907
986 397633
21148396 51165
817399004 2150059
12343 1354584
875905 613763
2518 5
0 6
15997 6
2578 7223238
8 72
718081 1963
0 625130173
0 1473184
75087 360
6501 49168292
0 62
0 7493860
750108419 9543560
547 6659338
43144 990305746
485516063 16
622182779 4494
78990320 490477338
0 84
76686581 8317
84240 117
146970 145582217
56791231 3001
168450 5
0 6559
47226083 951
0 561468
8 4655174
96723420 63773
0 307
6166441 211
688591422 1490963
665187 137569564
547979778 91832477
770529 95459601
9583 99516
1 1
3442 58291
39707 43314
5564201 1383
6 7423
0 7227511
475342 7
5315 72094110
97 4872504
0 7650663
683403352 1002584
3 22
0 477154
6328 219418
5971399 92298958
7148751 579
6191 23382
58149695 24
73823077 434
6271962 8190
83615235 6051
8365660 96303911
16044 2234
3617 87344748
72402229 9
1525348 57381
21 694
664467 66
573638 23169801
944966099 8216181
0 67958389
0 206
56597856 79418221
254 4513
0 580549828
7 2985
4697801 2772
72968 8675
0 60590430
573487964 982383
192921073 68148
0 12641
81235497 57
1404 2775
3 38
274635 121
0 41869
42332398 8
906872 397438
0 6593
94 509811450
666360340 58090188
0 700
761 38836371
0 239
6271395 7803
0 5568
103240 808
14 6331429
0 3734898
80309 678079
0 71704853
64 7515
50064999 7957
5591673 523
6765 857391
0 703571743
0 7277
330997496 32
67566974 240643957
0 617108
370129 6
107140 336393
1242 30307
0 218641346
575289 3320690
3042559 17
889965328 717
817 4365065
3717 8
0 11995
65993 617181
9 638
3922038 28
62 590755564
967 383
196172 2627488
0 174
767014228 152663597
4 826478
10 67
0 2885893
588509418 473612
44372 814212
2013 2305006
2460 97
888169 451708
526810 60
33 802463
229350220 3
900837 88149909
510 10
3222896 55316387
15 66275795
15 832
193 25716
58 725665536
966834 7884125
6946 965843
398 3212695
0 165085
0 49
484736939 85701498
6 72
31 109
68 6
0 2898540
2985147 81637420
290547 317280903
0 8902227
118 36176456
46529 350
210200 612854697
74381879 1000444
0 31921468
0 1
0 185291561
0 6698789
1 46788
0 380248437
173 53
0 69
6359 9
1332716 98053313
9875315 6443840
4 6304
5893 384
63869910 394
73012 33
108673554 429943123
918544354 75
0 9464582
588870 497
5 480128
619040597 11204
14 1
304 4225
89106548 628630
503977 2286
55656249 905594500
0 5
7 4188732
0 343318
0 8818
0 735
434453849 426
0 5
13866600 479689
9668 96157
179 583859
814 6522
0 751765
22349 709652
860 16285388
90 7
82404919 36523
209012 3524
57541510 4
832 4
626687 513
0 802148320
69394 16878
37 9995
60751396 89
67301 8941
9857138 41
32 789053056
0 84759
3765 915932
2316052 843
22626 698361730
16879537 91498882
0 27
85 1
3 10
90267874 671
16691 91
22854714 7
30 123
7 7785
87445483 9688
864661 570271790
2560576 950899435
0 402
7194573 1756876
1579983 24471261
9 4165
653 59765464
0 44735
51181598 718
4452 336165
846 97
0 5189618
4 81764909
20990026 858208336
872813 10
999 85775
3035 1
0 28
0 406
0 807911380
0 2
0 23248861
0 399111952
0 590
463018470 81
50 87
89 8
0 662889
6 29682621
6807 910
4 28
713542 21770
250 478803314
89 732252389
0 37
0 8387
7 5909
552723911 3113
1235 88464
49 89098
0 707551
15961 1
33 46187
9573 8018513
0 991
32760 33748331
1939 18947
0 58514117
9167 934283
6470 6
1126850 158
446 935490369
6194 709177
52 41
627247 418
0 6065558
193653204 62009
389 9
44158 5951614
8519968 64266
0 580066
21148978 778039
425850 56163
513860852 92834574
0 968
32861 30329941
22109 71
746928 455621
49832902 822611659
46 4
7440225 7603345
26 7026351
6293254 21064348
502011 1
65329298 1658
214934813 4461
67082218 68219822
533915 95115910
26 93359732
59419078 535
5 45
6 8515
981 218909317
2779973 474097548
256606 188889
6 62507
6470 7510842
0 7
37962 414
862036401 16476
0 5
0 67
0 448841
92 732528155
444092593 5557554
2290 7437
0 11537
821 5
60151565 758789
154870 1
803346294 57
0 763068
513353527 9077486
27016313 9
3281 375081
6 847
51329617 9324
20 356943
0 6623004
4 8629
619735854 2204736
1514588 7991418
0 64545
0 3
9079 2837
89503862 137
65 743
6272 946823
100 6
23611 3628
11808 17275
12527 3445
0 6991315
233241395 9
0 87
39413 1133
73 534061507
863902606 80361
5841 7680590
1656790 92
76 2
0 966
594 81607830
38105421 90755
3390714 55
6 26221
8520 602002923
0 4
0 353775361
9262 567
5 18996
2 301
0 9510
600 6
0 983
61710868 3718775
8 2896
2 59
75510 9656
0 950919
17907 44025
12115 7
0 84
0 590869405
0 108372905
680565 91343
84 12047495
2522 5
28 58
96127 54350743
2 54544932
0 14333389
4601 26982246
0 94
165046 40
82630308 328140
62159 340
1212381 99514993
0 392
173 168
469296 7
924927777 386439940
414005732 3154
358 6236487
0 3
9 8389814
895244631 829
1380069 4
16 843
57744 62652177
8 2547
5398 3905919
5761 4512943
3159 163371014
31491145 7657289
209086 25018
194875 451
0 879
0 1818187
721 7821
50 58657
43986694 2257
1952395 5482347
0 80
732 44245
0 39
0 82381080
3915422 4
82822 1418
1 58
69971 52484
4393 66
5 7
555 583
38 4142
0 928
10 933
6 20786618
491774 55
1 244371097
659 34042
29 747584564
0 905594
4 6703
7403 23755633
535126624 8181004
0 91975
301 40
164 5261
54496 76626880
62683723 925517969
0 1220
1933 787263591
3 7
430904 9009
0 49848
12406 3621
4149174 9090
0 900
44 31896
0 51606
321686 7286543
459388155 793857944
437634125 878274
0 344760516
63576 879
155 99
391223407 646163377
247217061 25573394
8812 9
12 302787128
0 498925652
80 5336864
7451 377510
2 5731530
373094 949398
76 721
72110834 41734839
8935316 98
13518 10
34 25
45637 801
21825 910632
0 66060265
2257 7
5441895 90
7590593 7
6074561 4693854
89059 2
751839943 631719951
7689612 6
49445949 18524
32971466 81
7 8
8291 68419187
5934692 98
0 112922105
74 1853360
0 21362
7555597 575
0 10
98 507230979
0 36
2251 569
6 7962147
489 4913
0 496929
24 3
0 292874998
10677499 1735482
327017117 14577752
577086697 4595043
0 6813966
1 84
83 916056
34079 732
5555344 7618839
88 303
3398891 5809687
7 417781
467520028 117232
3001 829365928
0 336
3231 10
812 236615884
20452 29468
0 69
841499004 174945512
66168494 543750
50701416 7
0 9926
6955 4111
705051231 7675988
96318027 5380686
505913714 68397930
10833178 200622154
3 50606422
0 8719400
300964 2744954
455508261 600
944 972391625
6 4006943
16 75
54086872 2413951
8577 557
460824 346285
7036 3263
73 643
0 7
9806 88793041
8 10
610924 76567700
0 624401
663 593797342
234935333 51636
95 6868
22668 727774
42107769 766297567
0 102
962 37678
90 807399279
51106902 9206
57 4
0 991
0 7926
0 302
147 7242
8123 837752
0 629272
0 805
5958116 97812
676092 5467
0 445034708
70591409 82
4989 7081
496949700 392135
0 7778540
95103 410
46 9893043
50 69
0 370
9862118 90708724
4227 957518367
704 6
0 52439
0 2124539
0 4
0 8680275
0 97
919541686 588647
825177247 130759443
866 9317
250609 79385000
10 39162427
82580 427175
40835 54
624647 537366
10 728
8670372 742001029
62712789 6198
248 925758062
955934413 1735
0 87030240
7296 89626045
58222 37468587
6282 4918
757 140862
0 4248402
8620345 39
770088 408
210081 753379163
7004009 1276
43451196 976111149
7 495606951
9619745 4153061
0 2
31381959 3094
0 829725068
3 7637096
101940047 698207
0 12736
2502 99009
4608 80013
7547 748240
89 595146
0 23387
0 26
6099714 62735
477136 15
0 59
2010 2727
5808302 3234
30 43722
0 129
0 844784
3007 90575016
0 7
821795 7358903
8 57
17170564 64483177
786584641 1006781
4854 4831689
34 5221
7442 437872
77988181 585822212
685460072 77448303
0 83
863 2966584
7954381 420359
56184964 95648
9 95581887
155669 3
632008 5
24255993 997869
0 43200781
393450681 25555324
8369770 39634
992598624 1308
93731 77
1740 28654898
0 76
6233488 2
31178 26054
837804970 57104346
915 168920
43 1096
0 6
554484337 732760854
6244 1202
0 96
985441910 31
530482397 23133049
0 817902
0 98
37 2
3 952642
6 3143885
26991 4968
38988 441347
0 99
43 8
0 493556063
463251 28288
203921 85042347
9695476 690591922
9881226 957
7059 285014631
19 263
7138902 4
71 184506
525 536927776
1 30708
8 70
78769 9
6 766363
0 8454
70190730 572668479
782 8237
215 35
39714992 62051621
15071 775572520
0 63888
5187 92
81014187 800352
26639744 562855
35366517 7192178
2418167 5674083
0 9638565
38 21651
426379017 557236
43629324 6793526
77198284 29623179
4431947 3586547
3 94
0 55539
32 131
447784782 928226
638648730 72
30331 8545519
756 913674
13865543 79950
4 15786990
76986302 715767
594934 9
4882097 5311196
1492 303283
0 126002829
0 9717
798 70
61765808 46
9 287655320
0 3861
6 290
0 7282641
1970 70967
7 341
328269890 639791
16849 398517
0 629
5793207 5
0 7
8 35024
251791595 432146
993338 14173
369085 91
24107 28548
550020 4
48043275 14
1088 543626600
0 24637
652 55
748 95832
48 57559
10 78871286
7 38222
51406 24792616
3680107 654448452
645748 64207
320257 8
175217509 885892
0 500434974
152028 292
81440105 551
0 761107334
0 311116
999336 669
3256 884192
8 15619635
5 849816722
59027227 89
0 992
45709 64845715
85167 7
776296 3
1676205 4
43 141959
8 5
0 56295957
527 36
0 99
40698736 51065444
0 36
113399 6812
56 47
742009 6284
65 73679
81284131 90236270
250277 511
464803989 18111639
695 6161714
46749646 725001
44 435821438
0 14294523
7 11957
285179077 26
0 870848699
95530 3672
0 35
74959 9
0 7172
8266 48
45447423 678
0 21089354
621915106 8407
4735 143035
412310 2882
12 199
23 18906461
369706538 98
7034780 634460847
4933 320169490
31728 19
0 19
0 59605763
21 94578
0 6857
953977019 6
4814 615712
0 409993795
2230176 10
1996587 91
0 10
9286 299395
575496725 670243
158392 362793390
733974786 793611197
303657241 66335
72569 1320352
1378621 8569
531 2344
23777 566717
4 4
157502 5657
39735694 95578
0 90157
224 9938639
0 39
0 1124158
5046418 83783
0 5707
0 25297970
0 19662
1496179 571549
81872 429068631
6205 3113928
0 3841324
94 546096904
4913752 4418515
7 1050826
23 4365805
0 911187
40369 63
0 7081
8 230
34501 6
90832 2
8241 91966
0 72
9 5206702
112965 696257515
20031725 69528332
7672 9060
278 6094
5058 60339
2 9332571
182 627881986
3460 53800549
0 91
346994 829
0 331
86349 7
95819 1
0 2
0 332593
0 131
0 6790068
0 24449
8477 7
4674916 167
17 99560
595 74184
32 399048826
8524 3680440
0 1
30628 1168236
938152 57
460520 9
770720761 4787229
0 3
218361872 9674759
313869 879611190
384854821 5
0 83878705
316 7531627
0 3
106 885420
249702842 412886
576114 51370
117 570398770
38187 8998224
5174568 924
730 83365
1 62
653607 6927600
7468 9905
568074 7567
0 1069
0 927902936
171209 95486
0 8
35 72253
786127 23
78959 62098817
72 9526
177206 8396
732627 44586
778319679 1378
525094080 941403157
61 628209172
510447203 10476
24733 771073468
446755 177314
9158014 9727464
0 878090
6977 5886
949 94
0 38211479
3 5638730
2222527 9
105 576
0 5276925
2820162 311422
0 215
73568399 35512204
76810 10
628187121 189
227150240 88
0 29633
7879436 400302948
35 120
4 2
0 2
78 2725
4 445529388
917 957
0 81
4 8
0 57
289250 75
53 81542725
509120 38
0 17604613
527 636935826
0 60620127
89 6512776
0 813162231
878977 725466693
4 84731299
9168953 3857583
0 514615116
20436018 38
5 4490
72460154 95
9380805 270541
6070 44596
98461320 769
0 963
683596457 14680614
9 136168546
75566 660
0 22166599
0 9527
3032 4245324
878881 394
494 4437968
31953928 57
2785 9890
4 75642637
0 80919
0 869
287708631 40468
3032851 72232504
0 73899
0 169501
33036 256
288530699 6287654
0 92664437
68251 29
42 11423445
16 18
258759659 2665
0 543
51 35
684799294 66468
309177167 690
985636 9414800
7 6007
1488563 8
13 5909
91 774701
7 6339704
0 6
774903501 79
653 375
6615615 972
57 122
0 70590
7 3
22 491172
9238292 965979
9 7516572
45 4
9 54696499
409794 1
35788 859149
500 4320
17 13
17 5
2343538 4546714
0 16097631
0 56
4418 88820
1591259 426
0 691
1 6094084
0 186107
0 862939
98 413632848
587498 5318954
0 10
5442 46986
4 2084155
78689 68664333
29674 63271577
7 10074643
137 7838127
50311802 1680630
0 4
37744244 33319473
968197 96317764
511 6259
8105 2966148
426 7
0 158964230
2495081 63
1 5
0 55902901
312 442550
929 29139
105885 1480
0 344
7 353
4 490373
58927190 237684
0 3625
0 7702
392800412 30
946 7
0 44104
20 85
2 929025950
0 413
0 26
139 324187823
39147158 3617201
98912395 30950
9755 45
2 8353913
98614 15
73 791899200
443 954
19883 5
2529582 19813
6393 527
45064997 7384
0 3867
77024682 7
0 140478862
554625 3576733
3 88444
6522065 861
0 992
2522351 25815696
764061178 625443
5486 34117
0 41399235
83936 9550232
0 1
247 46204
7681141 61003
2132 82
915479921 213970381
66166 8965
575757 277
20935 9206423
25035 9493
8728 972066
2 253347
14382 13554
0 1348
818 5638273
63 9
3647296 574
33757385 8
98069 721362
0 622611
470031899 2643
13 4869
0 7902688
9996 30
877774 47107
59620 49359476
301190797 3692
932 30118
0 37566
69 1912742
0 942882105
0 5478
4116 12155500
0 64
4 63334079
4507 109
0 32359188
0 8
97347 87
904178 39399240
547292 994
8142794 426238678
579904148 639681
258398991 792
6552275 757242
82301 80
288078208 4890849
72544 13926798
323 913585
974 1
1659211 4861
27 58569257
0 533
84927471 9799
6 373999
651 364401
344 14240
0 303936410
89650 95
0 888
468392 6
35 19
957 50996
282 982164613
44723 8858424
10204691 126581053
48 411
522237273 301348
48677587 256302730
44447 493319
660014084 4534883
0 7056
0 1
748347806 879963567
6621632 125
156 76194430
284 828
1308938 28442
40154274 2465
50481087 574863
709 6
859291 5678043
9814901 7720296
1 2
76343339 522
248418 76
0 2288945
7872460 57
7 5577184
37979976 8159757
4 2
0 32132679
91 75876309
95513852 29811
5 241756498
47 34
0 18206
0 979267
394449 576703875
95 5
0 104
3804 87093
19 566153
1221188 3295674
48 4
31154885 6
0 4
2887 59475980
10 9
0 74122
3696 41341
466937 21496105
0 89283711
0 27338
565409 391643619
0 32091
82800 84413528
8121706 26784
74345574 334229968
6 29876
39840 886454
779 195705
1 2256794
62470 43873
638200524 85222
0 69268
632741544 9351411
66115 229412975
2196 12442
63238 45519
73028 3942
101145974 1
0 736
5987749 51700
51810 30641
1899391 4
0 527908
146 2
87 544
2 345635
0 65256
7125 8
310534 514822613
11 10
708 4
147625 19
61465830 558948940
0 960789698
975001335 367819
5194990 7257998
1742861 9
1 3501269
116071 647047321
8002563 65
595527 59
0 55620
8 476
582746877 4192
752787134 68585
19 44362588
0 356112
0 557
0 843
74 341
980 696705
871131015 64
660394 235746
50971974 5936
788 849913
0 35109542
5571605 5
0 2546764
870159158 365750
899494 9932
924130 765979955
155 32943336
97269331 913
99 10711636
0 329538881
564887 1
221 435900
21433 95983158
97272 72940109
502 46
84 956512
964937167 63813
0 7655850
0 97809
0 92226
628593 4270
5984528 255
81 46379573
33894 625907438
58217 4
345612046 809
603906 137643
0 6058
20507104 849786555
0 32866
34 618418
3385 5561
8023500 791485588
0 88
0 5
43 17
519565618 78259
801 61211074
478394874 63420924
94402493 419251
455280 1857
6268912 908325531
405427 384600941
894769882 2
619406 80208434
920975586 25712407
59409 1490
0 15084973
9112474 493842
0 975024
2 26
3429 8482
693521826 5
563 31
57 6
0 6707
113 92918
2023 9890816
421 525
966185 59061382
92099001 7910
7029220 759029
22 1452839
25941 6257
7396249 97562
685955661 14
112714638 577941
393954 1
63347659 88614
25192 72
5 8064511
10168066 157133
541320 72349
30861389 30133986
7 44095725
214855794 38
0 161752269
60417632 512139499
8987 299981
0 7255930
21389933 554095518
27704736 963238559
0 5
577 361
396812 3
0 10
0 22
91079 63918
53568 85
0 836585
3418 1
7810559 77219186
97724112 594195298
572 703
417 257331191
0 34727223
0 929852444
47629 30326
119 4628
0 29
444 605133
463086485 2295
5154 98
262973 9886778
676 815
229729126 8990
4958 3381222
2791580 86081
561 646114490
5 59915646
991690741 32
262227995 78079284
70569 246
853171 550249
276 33660457
31785 5818
598172352 6
80287 152
0 23171
0 122752177
0 294498685
94 2569
0 4553781
76071 181493
0 176
0 55090
84407 230538229
37035 9834592
98043649 335129
0 815
792424905 35456
552369 53887223
16812269 45655
3774 13385513
2399012 6107
0 9244995
82452182 34
9229 706497320
58 84167294
335458197 8
7330812 3989
8 533
0 1304
486 84
10 9867
482 758992069
0 3037
0 24880064
625900 73
0 401610357
194451 3607783
9 76525313
455878 425786002
99221 7492555
73306 5
8070592 56357
9430 5679
5275 31418
0 5
0 5
6946 418
33105 722049109
0 3699177
0 882691948
22490 33542844
52828 38245
3372 39842495
10 762557
67937 23454706
0 1113170
77754 32153
88 678
7944656 3419
77712699 46256
42 53640
0 98521
47174745 363964
557419149 33
69 8851696
0 239546
476 123911963
0 885942113
5 654025462
9296487 756958
0 9
0 123424336
17 141576198
4416125 10
5997 32168022
0 216358
224008 99066435
199 994
9521 7478034
0 407621
976795 139064771
80767 73133339
3056 262
3 566424611
12560 44
0 8
25476 734
800 5274205
943202999 97777132
0 16687
0 3
288306 3
5258 38296393
0 212996
286351 8
0 16
83394321 63
170 64
0 665255
0 98050
921637406 812
39 4
0 6362
3197842 3613
759965349 907948
25635528 29604631
48 56855598
6935 1928079
70 798674746
458528293 337
21585041 621289140
0 4667
727 9875
4903 31848
94 196273563
0 242315201
89 2741
2247 6
4859 186751405
0 48430657
3 52
0 766
6520764 1428
42090540 65764876
1815104 54721
44663 65
164 1
754 8
230074 6568
1 683
648512625 141713
7659298 70532858
0 8794
93861834 299
7919068 60
70 444556516
20 65973
67985539 71
0 9375
6 1303439
