1917 729625971
921 5653984
0 36890406
10 65
38528938 451866129
990922 661
0 830302
809 10
40630235 88
4 3003351
0 957312520
662348 713943
2842 5409960
405762 636645
0 53558418
10860 9976639
45327 34474039
91935 35002
6 716726
31045 8
285266 3083
2839 402050
5600 55978
56520347 4745
354596 836482197
77 26240576
10342909 178420749
0 45
13042222 798374665
28289 189477922
7842 62
89815 131711837
778 869110
298 9292033
595872668 61589389
8 7
179 10015
1524 882
682 60959
79 419421255
51 5221029
42589211 1253
835489513 61422
822 37550988
1 237030
27319 596948
330143 3
1754659 5
96 713583
957956 741145940
6026 856465
2655863 3177963
93072778 14717340
1 499161109
10 9258981
8 9766383
4793619 61113
995 4501
32254 3
1466 7018797
0 586
125 459
4419 2045726
2552035 36203371
38905 5
68886 225
0 7451252
842 10
0 326063
0 1
470914 923
3 6
0 765623
463706991 4466962
388462976 127
419276 28395750
428799518 44341162
6273671 848583
660219986 10
18 806331018
7 9
38881 43583
5046 880295
708 94339111
0 562132
831 986372085
88318774 19993667
0 89563
225 41538349
51316 47
5576591 91250496
3764 729
2216813 25
8219 395179
2461813 27754
0 37
851010 93
74 819691
535415 938280
400296964 4954
73 789943482
10129345 10
496279 92
77320364 5973518
28571 2716
2829 3
57 106633807
92882122 7345
87 51
0 6751446
6394189 8077888
0 75184461
234630792 1
0 4
0 463953
799931 75
9168184 21
6845 786
99989307 993
11594848 8252947
0 4
0 718
0 62017
35409 77948695
0 812021736
991 322
42 48200
534021 579703
1 7822897
314687013 112
0 29305
68114306 160
91 17184
0 593
0 2118
7439 2186032
99873732 961367
43502 597319
0 101201
1903 887
10 72175
472716359 699
24828 649160592
5348905 89286
9 88938
964933 4600
2365 37448
901 210
2 50
75 9
9 5255706
0 85209
794633 199
7 86401
8186 364301605
0 34493220
0 44321269
37038 755
7 12237
6834215 99
10 668318
427 4440
366759385 906
0 97191730
0 7332
44 71229
4 839
7175 211547343
84822 562274
747161581 45357
1535 1
716283472 214205675
7 8553529
714 950
457 2
74734704 7812557
233629858 25105
65 7
24 8388144
73770 347
58779356 46658985
811 5
4098334 6439
54442 2179
411730651 25
64 62509826
8356357 1
474553 3371475
0 879351220
27 88849125
96489241 518
32092 1186203
2 12160
5786825 680942
0 131
0 312847
4275 8522641
5404202 497
0 275177514
67591 17
98818316 770
823453018 923930916
96248716 37228
55412743 399
72 365
5150501 3620
95979451 123970
782 773
4481491 1
0 94005
1704 266418
24 60618
57583 169
456 77889
3 907
42 69483
736 82683727
5914121 17419
57 4737
0 2570255
57904 9109007
43857991 73625
219 520
0 91
22121 772659973
92 3124
206803 93
5289485 8
1 175
8742 35983
1779 4467614
187157 43
0 8833932
6831 640812
5495337 43171
89 21070340
0 210011060
300547066 7
0 7
94747 578506
66 848297295
0 551749640
0 121519963
0 896
85 9187
40495845 7
606281 94
9886771 67341
100 87526049
3867129 854717545
381336 56333
0 25127
0 509
22 86279592
0 776043
151326 881163
0 88
577065 45298273
79091645 3957
0 17178
56503832 76
96 246814
592 2184
249953 1672521
7547 5
0 246515827
8 26230
1392974 2294329
88503 28644291
6665850 839000
0 3949
35691 27
34779609 31729
0 37750
32 598929
75402016 145
0 808
626621217 2121700
4172803 96334773
0 8
2613 84
640165936 57432053
54 34
531818 541841785
9702 2294
566459930 345366748
591 335335638
401390651 83504
8151263 9325943
97764501 2706406
0 67
2314 288
9482 953219724
69023 382084
4511860 247
30885110 252
4 86336
23087763 88
954 221250327
42192 7403458
333448040 75
13075 3543344
70592467 3916859
7450052 396950482
59122 8933373
0 920
320160 2
83603479 6
51 7017
52 54080118
2962195 17843494
6072 9469
0 774
8 203
232625 6
6505049 2526937
6431 1702255
90 3003
281612 24
303037 63902
350286339 17011438
0 699898597
3 733778
60700 1
0 183
0 100
14559 3
562544805 3474178
2 753
52986 877
6 685
607 95347394
3 66810
0 1385756
88 259172
37327 989
19438397 900
3303912 1
0 578787
94 16436
0 845192
1000 208
5465107 1862
98621 40
96 375
76 40167
0 841
0 91085
4744781 20355272
0 865231
80 8
3 4
55066 8616656
13670 1
4 431
9 369515
8734030 68
73272727 769082613
0 4846936
3 397967075
64291 3954
531857 591192
73595 453891672
153768784 2625
178672 410371176
6 10
633 92
0 3
1956 279033
9115 720
22411 319317445
817925 45687
944022669 530264
120755016 40088633
75480 3943
31916 21206130
2 76
39013960 562848
320 8119930
57711369 798
482752110 349091883
8450 433613104
24974967 838214
9676 8483
662887 637162
76388 838856
266705768 6597702
0 96635367
902819 858036
9790234 700
0 109352
2123 26
278006881 99
50447 8441
3376396 4275
71 8032931
36438638 5647720
0 86919
692708 11976808
6190 188
348 6
513928 5998
935 150133748
63490125 10
0 35182
720200968 37
7509360 5
49 994180
129459 4779
0 40455405
0 582121
8817813 6929
16784093 254
7 7419
0 502941
2 22040832
1847 28
75429017 752783
6769054 652
64101430 71981
0 29924
371 732
845 910152128
735772817 776417033
0 17
5371 13719
156143 7654664
485477 1
6331 192
0 62
101177 456
6774 3895980
0 41
4 90423623
4259928 6450108
0 4
0 3373
628452 90495
785823 8151371
265489 18906156
5762199 552
0 928
0 4652124
186 7603
669753 92066229
554008088 567000
4082 75070386
566515915 9490
0 62
4 852
0 36
28394 717680
954776582 6457572
6 9
72 10
0 7438
7 392845
894335636 840870
0 55623
9802 40
717977949 38106226
107307332 3316
0 521
6946 15
0 958123391
10 473688
1711645 84053
1743 217551974
9673639 66
0 13655
9476 5913
0 3
0 57
0 73256357
0 52432
839387204 316
0 77616480
86765 550915
260270101 78229
246886815 916
189286 6575549
24320169 3694461
8 88322
7205741 91098867
2867445 1
0 62459622
841 28578530
65796 66
54 3
29 320084463
0 9421
92 8
6596528 1
591 56285
60 9544964
0 279
1261780 6
4825720 597806757
5426589 5581756
3 18832820
898088 10
92550409 11
2168288 452326276
384 6119
0 27
168251 904210
6249600 188085
0 8
66485 10997059
0 32
5 8
849278308 699350
822545458 517
966 86344639
0 426867980
332645 69
4137 4
10 2804470
1027209 49987
15727151 1149182
0 10
5 37771
0 3714
11459226 5
7 974777
729729473 97
87681 7891171
99 54926802
955998 741
9 727
912724317 53532199
3 8
6302793 1
524737568 10
61 9
0 16547
87800 39446
5727 133417730
49357 595724
754081 89452
90 412
73 3337
0 8132876
8540 771652
86210816 30
70057 18371
0 6489
4044929 240205
6477 42677307
63525965 483
613743 138
0 4667987
0 400
4 8966765
862674893 7888554
619676471 10157526
46799 6712845
433878 9027
82380 8
41 9
0 5
926 94205
769974313 134
42412002 86896201
165108 2
24 189
206945 800839
336958652 309
65927894 62
66003120 83205543
22 336476
0 4
2777 927355
7 9
38 6073716
76121 317380927
8058650 23025403
870 408
7294889 47
2439122 1757528
1 40930636
1336634 10
3 9653682
3365 89
277 83857631
38 721039
27670 8043
4152525 6173
0 31
3 61978741
10 880
105623 6121547
98 14003
0 6353
3069 760
6 8192
85 739470
62 9711065
83767 786
865163116 100
95 8179400
0 2
32375691 7
9 56404
80071159 6
22608535 95
3777333 9350
2733 5995
0 26
6883 8
106323884 3725678
0 42
53 52
950964903 703
61031303 604011
6 4
13524163 6731019
74418672 867
0 879
3 999566018
76763576 227911
0 3364
5 2
42 77646
994469320 138928980
12509293 322320
0 50695179
330 468071
216274323 75807
257886137 3
95430406 40
95 42791
9 1973
406 7
838459 913130
6232 43099208
46 71482
1205662 776648
754 96531
1310 75052
126550941 95
122 6714013
4 10
49992 10
37455 43691
40 747832503
362418108 63715
100 10
23447 12312
3424 620446580
399201008 45108792
3138 5823
72676028 1
50 54503556
801917 30
70621 8033
0 326730
28988655 26
10 1
2688 39923605
8058 50
70 9
9990 674
3 969123
8 53726016
184151662 528870
8 10368146
0 198253
0 14533258
0 325659
56 89
713608234 930242
69193 4875
4147999 129399
491 49122018
771683 11771527
726828467 67
4979 7
78 77
0 54110008
473 579055
687972 16781
0 63925808
944779189 2074
0 7436
38093167 3
0 4865542
9 849493
0 6269
694690045 313236133
65 614908472
77340438 778887
67 72479
129650 140013998
5535 48329
295503 334088
450 87586
23508468 1
0 9698
883326537 53622708
0 8274399
3 716696701
464262 277430908
0 3160270
476 7553
39639 112525156
39755 558
41306 55
483921 8
435080507 53096065
6527247 957
66 49763514
835 8195024
49887 19
334009 25918679
559485415 4338179
9533 2901
0 8581921
13077481 8
48 322918
0 68075
22 8
0 8376
9587964 4
0 10
8 763931030
90 3214
2 1518
2616 99
977352 17534
338144185 5885
2288049 56624210
3 407
208 805692
809518649 180324
0 7951043
9266 86
200554 6926455
488 497
367450 6918
907 684416916
802911164 613
454651 3
8968749 94035
32374770 490389885
45374037 485410883
64 702
90131 10
32592414 499731
0 859871721
0 405
1607735 98
49 9626
338571 4602
1 49
4 70081151
8 55464
0 94572
0 15050693
1552 4074
881 555
65741 441
60 5595082
438688534 3542
97 561
0 31093
5530 3
75903 562771786
501 35326
7413 594361269
3725 1982846
587 58
50 502
908303 754
52872 125912363
916249 9
8703 17897
535 98724175
0 7
1911195 68972195
7370 442
333800208 592455606
51 7246
0 92105
829 89592072
50944 897
0 1687089
64331985 3
6693124 21448188
64252138 9671422
6506257 7507
2 45998
85679 9406931
0 4863060
83273 464325
5 18
85 662745144
268155096 91503314
696677 188672436
499522018 3
14346327 66280229
995084 3515459
0 1246815
9776214 18850090
887017655 5718916
0 1396
9 438093071
174196197 321212232
0 62713206
0 7294623
365949 66
5004 64824136
42 99
5531247 813290
0 497416540
8 716788483
806 2777415
57187126 10
20830 4
0 2868146
5754 4432249
58441 4958
25607 1595
44 4
4645024 9
632963879 1
826835886 35762767
244279 1369
3448599 77207
0 470699011
0 424696
4139 9368643
3174292 553620501
0 676093348
327844 1828989
51 9
0 34124
261632675 276
6531900 8
4251550 376
7836 54
81776260 76542
7905 63282
433399077 9
5 10732
23364 41
10 273715
88 86367074
7 51083694
166 8149769
0 734934875
56769616 10
56505726 8
68359 502428255
76661889 841084160
668 12
26 26
3996 707815
553521 431
588 1574564
10 42
0 382540314
0 586
6815526 2745563
4085913 7
17 8741901
194723 681810009
1797 672135
10 84
4 952292786
276 99
51936 589117127
388174168 7648
7 89495688
5260 855868209
6326502 87
25963 2835
14435665 586959
664995 88474
951409281 17724558
29 9
87 35253113
7 10
0 182
2288 45537
83 30200
1 558245728
58736 512025
893 5909
0 78469
68120 58048
812 12681662
10 199024
17 941
74808474 13550
83349979 69203
724601201 1471539
8858 339677846
9 690075064
41603978 4324586
95649195 96823520
450819201 27447398
222 9549391
0 94
18 10
510195 5
535004784 404
8610642 778606
646112711 9149057
827 4662
67 7
750854813 305
824 382886
7 16902
44 10
1633846 56
40528 473927
0 91869
885910 9297
0 88521
337 222
47 733500
32 4
0 90719676
67440 566453201
415 88488
31658 21693
22326 4043
0 7
0 86
8868203 686019
9825 705658257
6 95543
0 582097619
597 502817410
885 9448
0 844870076
0 11504030
122506520 151478121
3786783 7894
0 37
478 3
373 76758715
722679030 4
8 6076
275353842 60363
311551 280763
0 9
107379184 763957
766 4
991902508 10
0 126
0 76394154
88011923 44
96000000 634817
687 325
0 75983
45070648 140365310
10 95
57 95008565
1378679 640328956
0 20910588
0 29
4182 5
7445947 53
0 581321
6689154 775504
0 954882453
81 7
80808 625288
2404 385845946
0 936
69952030 197570598
9052 7
2951254 9736
446530 6547
15 4
5925979 92324293
4916999 45117
9889 4980331
82 509477
7 5
24309 70
0 9778
694698330 106448014
375608423 714441
49871595 60051543
5 65
78 9279
58 98979069
167402 9728276
0 35
8 219
80 7
0 640
0 59
0 677
269554808 12761
42977522 6507
14129068 355226305
838651 28033805
0 35224
870831 826507922
494170 43
0 8
74050 6
0 1098
997188 899445
0 119
90285 741704
31014 11403950
3883 3047536
8168904 7824
0 691
107281 83403575
728 2251468
7 2728
304358 97
66710 10
4 260410
2743797 78649292
304790924 7
69 126213281
0 62083617
510178 24833
795414771 46931721
0 42
0 71064051
413556 6291167
7458937 71378213
0 36507
0 18612775
8587048 48819
31802497 88055958
0 7
92072104 77415
540609 902383120
0 9707
871306740 79205861
364428082 982777
136702243 426168605
385937992 65207563
0 194626
2175153 15009180
973561 4144322
150058974 446
3 644421
359910 66
622436 10
41 14143
855028 731373851
0 68288432
6379 64257855
1901 519
7 715
337 8345627
20175833 56712
527453 97
4105 30
912020796 36
7697 476502153
3414 9055
0 85920
713491 2
823 20022
6517 6
821 547
928 983
195398 885482042
356 663084095
0 6154144
32 7454058
0 13
363887 775668
3 59305272
994958 825
7228531 12
8689565 52812225
35 484392413
0 1829356
852811651 26104
25763 7620
0 97763249
0 59673225
2307783 837814316
57375 1266
63331230 4090
698 24388
326175 7559
8935859 12
13 987454369
9627 78
0 74046
0 31198486
13 59987
40405751 5762591
891522544 759824
0 759065485
7089787 5738784
0 136597510
683552467 81
6444 910528
10 7
89926810 89683
0 468598
0 776
1 585755
28 82
1726633 86177142
877624 92266
52581763 837
167181992 699878
45649442 573020
0 4217879
0 2096
612 6980
861547891 68
765822433 7633
474 5756
9715 148495
30191 670110
982440 56520923
885 42884
9490 51322
526937 4
1410 19982
414 8
459 948644005
1491 1364
0 410287
697063 8923216
0 35211
35040243 622
0 620813
0 10
0 30452
4068065 57763
0 175076
9526 87
0 75530564
0 504
35155 1650604
7 714122805
40 691322
96773606 58756
9 9195
0 231730
962 183358370
360694068 9
3679090 4681
845 4
993860 5726
42 76060795
67639 770
97 5416815
286 81416617
354154 103151634
0 53
880128821 47648039
819568 4385294
0 769434
0 34
0 70778
0 220
0 615
539 63719633
10 3
0 5947
98694073 13475
996821444 129563
8607477 74373
38571792 83
992 6173
466188 75088
39742 8867
703170 222352
0 24776823
7849832 9
78800 6623
928166 379034716
565679074 9415494
5531 394
6375 100
374033547 872
384567 53
8 3448
100 37786
9938 942
752 1
704308 1170410
65 77
3125692 280303
53824452 15725
4 10
4 6
46778 4585
55349047 56342
820 284194
777525 80783135
87473987 74
89 5
5 1868914
3 1
55542352 6108
584102 182171
12425242 93023
725 784
8502824 941286959
545 3740358
911831971 6
23409110 46631
42962926 41981052
2632 995823812
15404035 152630099
4 90
12 18
271933 1319
3 543
1 99809184
6513 9
7472 36615603
2645639 4221424
962 515
32 99870
6 521714982
0 9815
889951 4
456942774 7191
67552 58493610
27644944 454055716
4458316 89
9 86837582
804881 22
0 6925942
0 62715087
27122152 4078360
558 259929
46 814606603
3636 11
802751406 2574005
0 27
231689395 512595780
696976 263
2368268 4639
3411516 9904
8 68453
13372 639133
4623 651240
958880 6038
7640 921
0 1141
28737 353979
7705 471398
43984 98
741 78001707
3984040 776295
99 5921
467575598 66
1181581 6
56866 85
7670520 123
0 9744716
4662532 11614673
3348431 3738
32 8194325
1238726 843
295370308 579
39564 8361
7 5
61577117 549070
61597 566295
0 85162482
73180 8951927
2508892 875421
61 486014539
728420891 2
0 9481938
0 4348
976 547
9 999
0 647
32 30382426
0 786
14628241 69451829
87 6659856
3773 914
8871 340434121
794170970 99359016
613270653 3779
0 3
41834 2160266
19 17
70 6969285
46886 25705
845009 5176
637 2561725
0 8
0 547036414
42550823 97775552
140048422 403242
0 894159960
23462362 169286664
0 1987
0 69
32 431
799993566 6493
190 183
753 99
3361845 667767273
756175 33325326
67139442 106869
84269342 48843
585194 28192
56148047 964
0 800137471
7 24704
18538020 308858
0 73890299
866 530625641
37 53611
670531 4
5 98224088
11 355256
0 63
8062 19
22 8677
0 63
5 8067244
1274448 61626
736973 15342
26837 195
1367907 6
0 5980293
95671101 42
1338468 100
7165 170520
0 155
66038 46971352
62710325 9865598
894878 24821
38597895 9811927
499336680 1440
618762914 7055
9862 272212
323 831512
862838904 81
0 639
0 33
0 100
99148 7264
3082282 676
52260451 808970
8113 7631
0 5295
0 2998
0 868582584
568 7462631
0 3054527
225187 5918
57162 10
67067715 17692
6 919
6580521 601
8630 443244044
40027010 4
8011 22848
0 27511906
0 5
37592065 7309
75203859 19
5252967 52
51165 147
3 2706815
339354 59957
22511126 78
5329 56636
126 90906
2 78701
1 55126728
0 46819
938 34072
750 8
148354607 46
903646336 819957
84 408
0 3600440
5164726 609774652
75337091 16243168
0 727370
0 4747887
0 58
0 40040
4 56
0 5101600
0 8942
18095 6803845
150 32685
75832244 660962600
10 567
69534714 43568012
67743809 399295
2840 63425377
1511 85112
8604664 844380923
1052 416
66290 83440
10675 656
9 770673
5721 757
6892084 7346
80597 71832
8095345 41688754
437472629 5291
994 80
980 86194
523 7967036
0 260668
23 176467223
855 799
5 5884
3328 592044502
9250914 315786050
5814940 258190
933 90701
867015651 2
31696 5533511
0 509078
0 4251541
1660 40078
49796 10
576154906 82593
154 411
170238466 232671851
38993406 503474
497199 8362
21183 2408
117860352 100
0 38
64688 86441191
63454 12
8606731 9538743
211328004 524825976
55 49550
6 5105
5 5663106
2 85369
8696641 60
974267716 981431844
371001020 427262641
93 36815345
3324854 243958656
96 8457141
0 8057
54498006 597
0 2
2610962 33812025
857 578099
9178 6
327 7021450
165 9
88863449 13055466
94430 7299
81 3959
26912017 8
14 617924
2718 9432017
0 92
4343 104843484
165920 42582
290593 4
1 3950676
62574537 2
584 8436
7752 46239313
42 34434804
1840 88074759
8 997489614
8 580424231
338518962 44244
57031 940
575374792 8
32610 690
3283 1841
0 13
83985 7265235
0 925775140
382202913 81
349364307 469
233 67
0 1
8 306509
6626553 860926758
189530 503696673
646430 96
440380 54
0 6296
1355 110122
6 6
568805358 159146
8 12292
98792471 5327983
8018771 25906342
0 88347606
10 552303
0 87040176
786814 750
0 487350
177 6375120
30066137 4966
114 71
7072 9873
140 295
706707 254
48984 55
538979 7454785
0 382170503
8 330428
0 1
920 100
79656205 58092854
231 45
0 12622448
495275 8
13955566 1168
266518885 4530713
2 4
0 94786639
314390 465395
37588835 7987
36834423 5286
79345443 561
0 2
415065 79906318
3360 10
45164421 42026
0 64
1159 10
0 697437765
49094 206517714
0 891481443
99763411 570
0 734
0 75
941560 7084
7 32138
0 2
0 8899160
8665 2860
453 759
153 133
8 341
48449 36454626
0 3
387 8
256451354 2015428
137781176 298397
2827 787
0 9944640
9982019 359109472
5176898 1
9584921 46
442023 594806
88968961 28698
92 478833
529 539775
795005128 8597
713464 63270802
10 470551
71 97
0 932796571
915247 75672581
805438 26799308
0 3250
961329 943
1 8
28240060 94775071
4 2
2092160 6013
7 2666
0 10
4162782 870684
80 9570416
294990 10
0 272614
73581550 24
68 6
1712 51548305
6846 2072385
0 227
3261 20545287
0 242666288
505 801774773
0 1612
360313 9
9517 656554505
3340 528
79818539 903
497910 31627
33457002 87
7992 191876237
54 78
0 51146
3244 5084
431 251692
4 96
5761541 54
425 496
8948240 51723
8327151 82563
4298553 878
220769712 48
315 1946
778681248 90270
747611776 1157
594 3
58854363 186
96499 88659120
0 40
93729132 199261
273978105 440202
0 966570
903196621 376
676969 10
63199 8402
4875 1196
7262 4565426
501 613
596046504 825527110
0 70
47 252374998
4491831 5508
781 3960652
0 7494189
35 7369
9 249
0 8
62164292 819667535
6496 18
516 376129895
251321 37687761
63818311 358474
0 29
3 8651
67079449 17
354140810 21
4393347 4
860 70251042
28695173 444098
9 8619288
0 7149161
69300 597
484 6336
263345 8224605
41 688542006
77198 3225
92630 812
10 938653
5 335052112
46039 62248851
680 42488422
750 1128069
0 216142090
92 744874716
748142169 470664
93040085 767
26 36033750
17 54159110
0 20296218
84898 570
0 169679547
31268187 95305
953632 43275074
70 58478
643514 136
42297827 371
218 5695
19 375805808
206 143764
0 83212286
1 2101968
998883668 415258513
904363 79914680
2904433 4846889
5287 9216561
0 1067
95086 4243529
872095991 7
77350 23579
885 209055276
611942634 55
931487 90
5934638 26346062
57 5094
96030 415387851
62990 894639
8891780 476491439
0 541427
8588970 15
399005552 7786238
0 1366
1834 6020
47 7
940 74
0 6932935
52784048 6532
131 2484
45203 6155310
0 295932466
310762856 6769
0 574
65283 929449780
33182932 2190474
2 204397688
748 82967577
11878 637
0 5811860
3220 2812
2 2211
653 25
0 4847932
4120944 471801684
806510 606678816
182901 725397
619 3
5700569 958
1634419 216214
91 25
491867 693
16 2308
0 8572
0 82314570
761 24
97367264 10
148 8
7378879 858930
494099 705
770255812 216511
48139 108263
44 401
57646746 6690243
55771 79867271
22175196 79
239038 33760
0 91
0 63998
551909410 49
70432 594752
28 7789831
0 863146424
0 3921903
3428 46524
5181868 25134632
6083256 4
329 392501799
0 9
18184076 47
76810103 24119
2497935 2082
14475187 79338677
62759 2980612
6728043 4757717
7523582 82107
5160472 18171067
888606 86
722 170288026
0 15974165
9980472 6
9347869 4422
314 868944244
0 716036
0 8
0 67000
0 767854
9750953 1650
6151 29320
12077 5145
793646007 158587728
35257 199657434
0 7
169 61
9102383 86939
10033957 595
4748 2
9487 817713
982546 34371310
20838 40156909
911 241842051
439 744
33038413 559311396
95731 738702
9371747 592244457
0 30058
17295957 10
6 41154
266560 118051442
22069631 27178
9266536 66684
84133304 4
6094 37498
79465669 21985661
15 646
54 5967
72606623 553912958
0 1
64688 70
0 4052
975 61
4294685 645169381
44977 5863
0 924566891
272843 7778
75398 9182
0 4
0 718
2728 2252826
8 24468
257338 186778081
1 32997110
69 78496271
56 2695194
8 7668088
39 2590
9548 1426
100379752 9567
0 8630598
0 23334006
0 8360
595642 4714720
697036 3106
5735 6175
0 9089
39882 257461
4 72
6110 4170169
10 5089891
24332624 333494
9736825 624493838
67 8
9 7
558296596 160
508696083 9083943
6874090 686041
60947320 71
955822573 302
59335 42268875
868089363 8624116
0 796365107
490 6248524
18624 3284
881593351 9881555
2771547 300
1 2184575
1318 91816
0 8734
0 9714353
0 30851
917 6415
472 166159391
17943 33599
8103 24
725749 9322
7 481
163486622 1
349163 908
505645 96
0 59719
704 31
829 2816
6 70
7034905 551292629
6 8310
81 6031939
0 4451
536 6
793918 18
0 50
0 9036214
836655 98
980 3
3578628 41471310
52 6183
972 45834
10 32
870570 814759
24546 90293
31067 569901811
98417842 6585
89 38
0 122009
0 374036
40241 77421
23 89307
0 7
4353103 487
0 712839541
0 7616105
847676 105574360
0 96700
799 9
99 120272788
543 8442142
7427 61189940
0 8
42 856810972
473632588 25037032
57164336 9971160
27586 55645836
59 172
107 390374628
0 7210491
966 711051157
7418308 458550
209754 10
382 950373086
54336 44659
772299910 5413268
95669839 5183369
5 781121
