314 207321742
0 504070
0 896850650
0 24
0 523436841
6 9549149
26542168 4458
0 37
0 10
0 5
0 1
0 708570468
0 67566
0 21
204437238 163329571
8353 58
389077293 2591205
0 29342
5 222263071
0 4060170
89442860 5652
791 575094
0 64
0 292324
0 119998
0 2962841
155371014 235
0 5890
0 808
0 60
0 4
0 736328320
0 6
0 271
0 823236
14295539 1647
0 594438
470997 9
34 7
0 65116
0 388
0 457
531 63886
0 351073
0 836
0 50925561
25 19139253
0 2
0 1
0 237
0 55
0 1743035
0 27643445
147527169 303873492
0 29
953 28519
0 4642
46910128 834717019
0 2033636
2 104946
534 5553648
0 34
72 938
0 767498854
0 6
2000 6
0 468
0 97736
0 9225
910 75
68 8
21 800000407
0 23771
392 192944
2 36
0 9285255
0 3
402 47265
0 6
0 5
0 5216
0 705364
0 97
3282520 91
49 2
0 5
2266 994571
0 4045485
0 1927
163534891 360
0 18601
0 600701
302 83
322 481138
68323505 389111248
0 91439
0 1781367
0 37355486
347593057 277
796590 158
776558 60713
0 79791
9 44502
0 68524047
0 14638
0 1865
0 17931
0 6153171
0 6565848
106039 87270621
9681 18984910
1054043 4109
0 317273
0 438
4124376 32101
97 78025656
0 11
912 6281560
99623 166996166
0 22569
91917 967363404
0 5221
0 29226
94392820 8392
0 72
1466 8
0 588092677
40467 56608579
0 673
614834245 42
0 5362
0 996007
66715 73804096
0 368
0 9025347
976 62536908
0 50824302
0 24235066
7559002 9
324974058 98497096
0 67376530
8131006 730208
0 2
0 39611
0 85708
0 443
0 8999
0 3120846
29014 39234081
5 68492083
0 54
0 323
90 3069
0 5
0 3108841
527004 33567309
0 50319
0 112284
58250 5106892
0 57
0 19685682
94 280252107
0 9305003
0 10663
671096 567753946
0 5697533
0 4394203
0 423997741
0 97532450
0 17
82 203
7149093 948718852
0 653357218
2 859796
0 322052
0 6740
292119390 7010
0 159609
0 739288
59265 53794414
0 2559253
0 670990864
0 114
0 39052
4571 5782535
0 551705460
0 881403064
0 40752
0 4140912
0 5480359
0 4
0 533130129
0 1109
0 803
0 687478701
5124 7892
691424529 128290001
28100681 93356749
9 78284140
849 2400694
0 461
665 115378
9091 90291
562632 28
10 226
220830 4055
0 5491
9069 875111
943784571 2560
804958 61100524
0 73416582
0 9185088
0 2474
18225 7816
900575507 42383
0 54220
0 56881
0 39134615
0 207802
0 97
0 49
2 2865200
0 89
6854656 147
30379 107
62942383 1686
71845 98
0 805121680
45 44038
355 1889638
0 67369
0 1
59 544224261
22103198 55341634
0 6980
0 704581959
0 4295
43497 42
0 785114
0 824532
0 60
0 6838273
0 51120
24018 4
0 27
0 2370744
530 723180
0 93174459
0 25521
1 6529227
0 774219
4243 475
26023170 94
6120333 8794
0 8
0 46059249
0 824945638
0 48
57667963 7533983
0 5054280
508 130940118
117750347 7
0 697780443
0 3
0 239877395
0 33
381822 305993
0 11824892
0 280443021
98594 958
0 6093
18972822 67827933
92498 9
4674 545
3372 906
14251 3885317
46099 659
5301 1502
0 885033
0 93635255
60389 469
238546 545447533
0 5
0 13
0 3470
0 816282825
0 5
8864903 870203
0 360
55 1
0 9895
72546 530624475
954 43
0 164722192
0 9863
0 535
0 9
0 8
0 3929
0 883023542
0 187331
0 482304
0 104740665
0 43339921
778783072 61661155
41602731 487508
0 872353998
0 51
0 66654
0 26000777
0 2
607075613 405
0 136
0 12141
15 680497118
