2569 125905
439 83623
736 3946
747 4632
338 17141
795 66185
357 6228
397 84177
929 53440
367 25183
466 65964
129 35602
963 85868
575 73638
98 10856
654 71434
4 23220
364 39647
629 35308
42 55100
400 88887
113 692
346 21738
84 97783
842 24917
308 57106
473 56167
529 6763
778 71085
935 78408
786 71594
249 44395
770 22247
405 70964
550 45464
898 83904
630 29129
452 64523
332 49686
268 11281
751 57602
668 21884
24 93198
397 94085
47 59068
731 86571
297 64161
296 2414
238 3393
119 27917
239 89239
916 43439
166 13705
653 24725
497 87665
306 99830
284 64880
259 71876
545 22428
272 46039
541 92391
920 4210
836 91204
20 17057
86 23045
482 99162
822 99976
272 50943
341 9990
281 21323
663 18373
606 45804
554 15673
395 76106
185 75333
617 91244
636 24125
845 31271
142 47226
321 65845
482 90509
155 39924
960 76693
909 72464
544 17366
418 64506
938 20007
215 30547
79 54617
74 22188
671 22292
265 64392
594 51521
778 19336
57 35649
912 22385
193 59117
802 10108
399 28994
558 4199
87 36035
207 42105
923 51080
640 16161
509 70256
407 43921
74 47584
795 52797
414 85154
391 84719
429 42688
127 9099
395 62301
394 70261
663 29207
648 99771
48 48064
158 9275
334 30467
834 48371
637 20730
848 66893
707 80668
315 16330
479 47144
649 74248
56 56693
363 30596
888 21540
825 75767
429 48794
938 2538
186 69909
949 3479
749 54638
225 66105
768 39550
796 51926
573 14423
763 79822
954 2289
879 419
312 91047
922 26671
275 57755
673 32732
913 78081
295 97548
78 98500
383 33894
136 2819
836 30490
948 58890
514 16663
298 82300
203 32033
115 94797
206 69057
673 14126
909 83676
295 48277
368 16857
897 9022
177 11443
775 23074
866 64596
500 45169
741 10306
862 23475
942 46552
47 52477
539 41583
917 76081
781 30803
336 21118
879 22979
684 2783
262 18043
201 89954
492 58966
585 84986
701 63223
129 48221
822 46555
553 27000
7 83471
167 91290
34 94105
808 60401
797 76425
786 39409
471 44739
652 76912
395 75108
59 29318
828 42586
891 2778
854 94778
83 64599
940 2341
705 12837
179 72889
364 46713
841 57028
287 42593
622 68803
289 16188
901 51335
726 56805
838 45619
970 83817
935 53151
415 72677
732 76342
435 43406
950 30326
695 91612
319 97698
315 68597
939 29968
349 28526
561 9544
489 32898
829 36995
782 4581
264 51120
756 51019
639 7696
484 7333
585 39933
126 63305
219 22343
73 81938
781 49493
899 7886
825 28522
340 37052
554 70201
402 59985
360 68479
299 73172
668 21847
819 40677
204 28469
458 76516
842 93766
870 48185
659 63667
795 44937
598 92749
857 91550
718 26481
918 38518
693 4685
584 19706
700 6560
987 8042
908 8087
648 70670
135 69082
654 19163
144 25241
208 51876
248 47608
144 2914
750 62731
262 83776
743 20785
432 15973
778 56914
113 19436
332 86990
720 27015
911 48421
572 92508
315 16193
512 10761
306 8072
220 35801
216 23845
615 57536
175 30004
554 90035
88 65732
599 44426
680 42988
343 93007
107 7007
62 33163
336 24323
818 30026
586 15288
200 89129
657 70310
129 85932
228 24183
963 81873
243 8904
338 78750
391 51106
257 1015
723 85966
447 98937
541 95136
578 21308
981 39574
981 80714
268 88200
437 62476
361 19812
348 12555
298 75867
111 40861
546 57016
781 79406
454 9702
721 19051
222 46511
119 77676
517 3141
895 82861
307 23338
460 33001
521 62269
924 86169
436 43167
260 56064
891 27120
250 78452
681 73079
659 76940
823 30423
704 85600
651 30983
887 3922
774 11345
668 31272
301 98896
509 67313
149 28010
493 71122
74 22055
92 35197
294 57572
315 7727
785 7573
206 18457
395 44343
757 62573
43 97467
985 57592
882 93350
238 14878
299 94234
187 6203
341 16741
731 71174
304 70249
604 96566
494 50200
458 57967
417 78990
384 58648
263 34917
876 604
195 39784
538 32939
458 88490
561 15669
276 62912
966 76840
191 53245
391 85983
219 90662
518 35721
512 1487
874 51475
109 16865
504 18040
429 45557
469 65633
100 52843
481 30939
958 21158
484 88814
126 16111
590 29284
467 84537
282 94817
932 74270
591 32950
850 82748
338 55049
905 19182
68 58259
548 22743
826 98589
419 73398
580 49557
8 43510
535 7290
633 10593
95 77457
810 24468
28 15695
271 76615
39 71449
473 14756
344 30730
210 70294
736 20773
389 33672
376 37132
898 64244
499 24549
223 89803
864 85626
518 64961
460 46723
349 7060
723 77210
509 21568
538 16978
509 7630
550 59980
183 88249
305 5545
616 18526
712 14873
665 9232
446 52639
962 18724
640 13349
555 31278
484 6793
443 57297
341 56147
176 26360
280 44040
757 52290
173 42901
338 7200
130 23058
408 98960
928 64761
142 27197
60 67335
880 89850
888 19422
120 92485
696 25252
442 2259
458 89559
323 79153
228 87744
777 42894
510 17519
801 67981
203 13049
246 90232
924 67327
94 17950
774 50881
83 60105
169 73343
34 25897
445 48435
618 95506
978 83033
604 25445
381 79148
413 55736
505 60795
188 19465
572 19100
712 18305
830 56300
866 25287
5 21247
971 38163
177 547
526 2968
769 57794
240 27989
771 44271
429 37645
322 7194
557 9692
827 33019
978 68398
899 68743
831 68954
290 82702
17 88373
205 36129
425 45946
451 78624
89 96638
511 59275
410 44873
877 58466
198 31760
444 29922
818 3388
612 51644
771 24614
212 26591
841 89064
869 86041
348 96138
453 57819
752 40664
624 52486
616 18605
262 42073
381 42218
447 47042
751 74050
193 85425
607 44342
500 62365
848 34027
99 96455
608 79050
522 88147
828 25538
243 95279
400 70870
375 16808
387 10357
686 68287
694 11592
965 26145
558 28009
699 75282
52 61504
332 5442
569 50974
394 8886
532 2157
945 9730
257 28858
243 42436
226 50027
111 64107
989 69813
861 90384
279 38930
913 8687
109 44682
605 54603
828 47636
720 48159
259 71533
757 40191
55 4060
946 26641
821 11503
882 92422
934 90558
322 42597
129 12606
456 79531
790 32959
208 41816
49 3699
622 55549
154 39938
898 19281
864 76079
241 83627
249 46349
919 11047
305 65762
585 16603
358 42443
955 60983
409 17585
357 75466
287 81316
744 48598
583 61390
561 37235
93 75165
952 68754
797 78336
25 54686
776 36627
81 19543
873 73224
498 66139
87 94863
213 16518
182 47460
662 60085
485 10717
303 28520
227 96168
63 92464
674 22273
17 1338
442 33014
518 70308
652 16699
574 91592
97 10758
702 77098
855 28578
182 19239
719 89402
262 5031
771 54299
412 20026
773 97882
182 11808
802 18698
228 15343
654 47846
971 57044
990 38082
997 21336
792 42862
460 80125
710 30754
87 16653
318 23504
761 69904
112 95501
399 98781
62 94303
978 65773
824 88720
379 33425
278 38534
106 76623
388 69536
479 17914
415 73497
920 57633
178 44447
520 29133
495 7294
849 16939
282 29905
18 91744
38 23579
616 52036
337 18304
515 38437
316 71183
719 30738
661 50565
70 42309
831 21598
25 82669
276 51629
552 15238
20 89992
825 63312
91 36302
363 36805
846 69283
626 84055
471 32848
307 55806
311 77062
630 51700
394 39690
24 46200
205 46178
232 32905
644 94945
334 90279
208 48052
128 20488
27 60094
952 70723
417 11406
991 75390
501 82080
824 10895
961 5156
311 7382
508 43770
341 14207
566 79192
205 72753
572 26262
929 733
394 5428
919 84113
805 3261
387 44965
13 91202
859 72103
50 97392
360 19391
736 45432
295 7731
908 25092
310 45494
941 95891
125 8042
553 92918
372 63786
606 14367
964 19102
809 56187
404 29984
174 93979
484 39368
560 62469
874 9697
712 16405
621 50944
769 28959
592 15462
43 1833
144 35731
719 77765
148 6223
882 62542
232 9509
727 71830
36 44736
504 25113
192 50626
135 32489
999 13593
689 18205
634 21363
578 33473
186 27560
169 3569
600 47002
250 2750
446 7899
692 62358
120 54184
800 81206
585 87694
310 44431
502 25769
581 29924
939 3873
772 63385
184 27109
276 3755
234 50354
493 60077
394 60734
837 2883
735 91128
108 81656
705 18912
766 53891
578 99268
10 77178
642 41762
753 66129
44 29353
296 40607
845 96232
826 7371
278 80452
823 37711
177 83804
144 3675
40 44686
158 41078
335 68207
910 32350
350 13779
908 91648
745 68541
665 15029
613 60016
15 59182
1 3124
819 79113
75 25492
482 53031
645 22486
885 32691
67 74173
117 56390
41 46081
210 68362
150 43897
693 50294
268 30107
467 8025
822 38304
193 39985
325 31775
44 47038
863 15480
192 38917
166 4739
99 4444
137 8575
66 73467
24 13888
72 3266
390 84188
148 28597
925 41212
412 89386
455 196
76 29654
266 27397
637 18829
534 26416
422 65943
253 25058
549 89741
514 37441
165 71944
824 12145
172 44970
238 51749
421 6310
641 16914
429 26334
714 91040
216 89168
821 37574
868 40620
549 91957
327 91542
397 49317
687 92083
557 28622
545 25373
828 62857
845 88377
39 17505
591 16119
930 33388
958 26919
341 73337
865 51344
995 95743
777 34494
933 4979
580 3497
574 30378
383 41024
297 35045
196 85977
402 26494
511 54879
953 75580
633 78137
500 37655
812 93903
944 85383
602 52665
622 6734
155 3121
422 83388
524 31536
200 10598
788 11874
292 31958
377 49697
678 82202
27 50805
695 24052
138 54011
144 2995
346 25730
846 95960
45 98783
777 10763
64 67476
147 23257
161 50072
645 34109
911 76307
233 31763
582 81636
766 9452
278 30536
868 80253
975 73413
109 49351
388 11167
175 53814
424 55705
254 82138
808 79583
113 13058
461 48666
741 79611
15 24398
623 10038
0 32639
245 81435
698 55677
543 17661
831 68692
525 79731
675 79185
907 51015
473 53381
53 96742
103 3485
30 92244
139 62510
531 45416
543 1508
823 63620
809 43270
797 60488
440 20149
601 79417
813 66896
651 44467
980 31169
319 2168
567 60547
315 51605
413 43732
149 76650
925 7862
194 27610
922 84958
650 15766
935 89641
260 69920
340 73845
992 22232
801 13314
673 14643
923 61019
292 85715
388 88034
87 30098
501 43230
876 78455
413 38715
836 695
285 41924
113 95152
417 12007
799 18742
404 26704
842 30673
962 28531
201 3606
133 52385
88 66995
583 31809
977 44
485 92832
237 45801
262 58665
654 35940
40 87717
780 6006
92 90397
828 92941
806 15177
226 42117
695 99005
111 99705
909 68975
233 79685
700 78572
231 10714
962 14912
352 93432
816 50338
612 62517
678 19048
464 53027
920 97269
586 44691
717 795
820 65984
465 61916
176 90681
560 57190
346 35627
742 81202
414 21284
919 5861
687 44594
795 30615
532 62282
108 72036
256 49594
221 16445
985 35210
613 80485
387 12136
650 73680
32 85254
356 66325
820 70806
226 4981
943 86665
784 6480
572 75953
213 79734
282 46810
114 94154
582 37228
168 44746
384 29367
780 54743
238 30962
206 27202
510 78193
223 37372
238 36226
768 97662
495 34975
731 11514
550 34377
507 66657
131 35772
610 1352
105 55738
477 59277
149 5686
676 24826
436 82518
835 9768
200 66945
139 63911
228 87684
90 78925
903 93460
885 78182
304 41664
894 41262
1000 99513
370 42556
428 76405
351 43243
587 81248
272 6733
731 17294
64 46934
192 83317
25 48611
341 32900
679 4998
945 49676
709 51498
338 25052
278 47990
845 85396
495 86079
221 28827
731 26560
189 78386
967 71636
647 91722
516 99094
792 59618
359 69458
403 61928
86 23165
26 86516
53 62681
220 89094
105 93900
688 57495
243 24704
143 80022
622 17057
512 27638
475 51912
526 61613
502 7157
161 79187
194 60388
754 8015
263 41265
111 85537
299 83769
186 97698
539 60045
356 72460
957 280
49 34029
382 97285
867 61628
327 89533
545 57534
628 73274
287 79618
13 56053
341 72067
447 58682
68 56596
397 96239
60 30160
1000 33512
602 88863
420 38048
961 87442
780 45713
874 23401
563 77054
399 32387
228 98502
525 39302
951 70057
291 24689
446 5508
311 52846
316 59346
465 284
700 95715
161 92033
641 77175
870 71267
209 49273
115 54916
303 33297
291 9542
606 33794
381 34239
83 90267
845 14367
685 16776
653 32216
217 204
243 18413
203 58837
922 81391
217 80461
65 34125
407 92145
340 5656
470 17603
502 17304
683 39076
476 89672
228 22627
154 25662
178 44934
345 75256
151 60723
653 96765
899 62183
834 737
96 53760
684 92178
639 73804
556 88168
951 91227
323 14919
45 42338
305 85314
942 16210
406 93381
148 82606
649 8533
245 9086
972 89950
751 66372
53 31524
495 99485
116 19834
516 81466
473 62592
532 4969
420 43387
429 82871
258 28438
820 1092
768 49657
711 20822
152 74060
287 5650
860 16651
506 219
244 63281
961 62654
704 6172
349 24970
865 35510
167 58233
876 51798
59 80981
773 6076
582 62366
806 73587
252 34254
658 52915
17 41649
412 51230
418 3346
42 97563
368 68661
448 25647
418 83560
939 96004
570 56305
358 36920
785 37480
572 18923
484 18707
952 24582
937 28325
886 31280
934 77812
946 37286
850 9136
497 18596
141 60713
223 60091
293 90777
28 92430
740 58798
550 96769
917 15011
29 85667
157 44809
924 91729
81 13774
416 89707
531 47657
21 95601
765 13968
444 43085
880 70007
453 47417
226 50950
165 38746
601 69891
190 59579
677 37317
564 36157
481 6699
111 73548
806 24033
593 71379
292 13441
522 86732
776 48508
237 69344
543 34819
657 35975
79 72514
79 16461
533 26352
794 9644
922 26717
65 39860
323 73552
144 11015
695 81721
675 98616
88 76415
721 77711
966 97016
365 21712
699 88970
645 20566
3 90438
178 82636
749 2008
220 54907
782 44668
107 86396
798 77083
118 42705
665 54102
954 54367
759 70900
703 15752
705 5603
728 96802
811 78694
394 30724
217 69308
633 26078
574 9055
20 9505
528 37243
61 58644
147 23634
634 68147
592 18810
522 96375
213 74767
983 38256
863 69199
367 40257
331 42489
841 48379
471 61163
929 16534
217 48326
653 68924
811 77925
500 5940
41 15490
252 83520
566 60537
882 35782
15 27636
121 68027
116 88768
34 88165
359 31370
270 15527
372 51881
6 54887
370 89643
389 84424
245 67335
529 71261
445 65805
680 6883
218 44716
88 21559
616 25565
512 69630
590 14473
366 24311
406 71884
811 59418
562 18738
355 63084
930 39940
1 76878
705 71128
166 1947
578 30530
155 6967
448 57509
854 89313
75 19748
932 16882
652 71057
343 51437
377 29607
33 97381
879 4024
951 28782
191 48733
790 34771
2 62362
821 63769
844 69753
957 94948
623 95332
523 18973
862 16702
297 46873
769 46847
985 67889
5 89053
74 10978
271 26753
145 62979
939 13873
924 90406
456 29654
727 7734
367 19712
770 1596
329 35080
294 7736
565 61175
154 16886
778 34930
296 56732
535 32904
878 86306
331 72008
305 12304
323 41101
478 88163
6 39005
906 76764
974 62244
933 62216
52 15154
212 19190
82 25162
335 33744
958 35895
808 55496
980 26875
116 84802
797 68289
897 67575
853 20010
548 95672
533 19883
24 45260
35 18755
29 55101
147 95062
821 62800
128 18000
123 32245
910 45404
872 9709
825 21502
395 35083
555 95212
986 28269
183 48141
818 51107
311 62077
966 22889
916 84210
326 45734
613 52729
342 36441
155 39919
547 13119
146 4813
930 50168
514 1484
839 68791
287 4102
499 94194
816 45509
661 35685
474 10277
754 64420
817 48335
806 96116
178 8649
419 9320
524 27646
159 10237
646 99912
168 60740
340 19336
764 85234
119 77276
250 91827
814 8002
49 21283
734 28576
895 73720
999 21490
644 73386
228 80436
988 26427
633 97296
955 71873
816 47048
132 88040
90 67288
190 921
968 45739
937 15564
800 67769
120 18866
307 48695
611 54282
608 77448
829 27297
246 71458
641 28990
758 94915
35 28183
63 23740
634 51932
115 40233
452 35769
913 11006
455 99364
811 3304
178 63584
60 82849
195 12452
8 68088
60 22414
91 95655
252 59748
105 17863
201 66474
924 44123
323 88111
112 80340
850 46286
417 89374
926 66495
155 46263
78 90474
231 81134
985 43970
36 7412
934 2355
2 17642
141 20431
751 11223
882 26466
136 43747
688 60992
943 13422
780 17180
509 1381
398 17033
153 75197
326 57091
837 89699
526 36913
869 45510
22 532
314 42618
518 77263
722 52146
244 75230
678 895
657 3898
568 77161
35 10935
902 94635
387 36917
860 32486
650 3418
979 96966
41 74037
152 13991
525 47637
656 45350
162 40493
630 77566
419 45209
874 72902
265 66926
412 65526
73 54
39 46936
757 15788
112 2792
866 74224
124 35599
209 52608
727 92993
274 25627
679 30187
717 44790
620 88001
802 88235
13 55052
378 70405
269 27211
22 97186
915 21014
98 7026
759 18815
406 87027
599 85480
656 51221
252 53180
899 93626
648 73874
823 40384
734 56368
119 97163
672 46694
646 93901
633 96825
453 60728
68 19192
664 64541
829 55588
942 30328
376 51048
755 11515
984 95620
845 69624
295 45374
51 94467
565 82814
301 10918
991 53380
746 7668
325 44402
949 79606
444 54944
699 32600
699 17833
347 90952
752 42768
600 46222
204 59261
804 67008
602 1783
167 80010
103 23472
654 44740
445 34087
614 72270
558 63248
911 80160
866 6794
7 68845
404 42268
607 22416
800 19508
375 96312
662 41413
575 16397
641 46771
920 23017
58 11349
140 97513
795 65829
276 54235
958 12048
889 44317
555 41465
293 31884
668 95626
959 29035
940 56274
757 41276
114 67701
255 62036
492 45397
297 31480
238 37161
734 74002
805 55304
822 79326
631 64031
693 19377
761 97502
384 14818
958 6701
901 40342
478 56793
684 89232
802 28225
727 97357
554 84341
621 40846
212 46639
883 59781
248 38534
452 34914
429 657
399 84102
672 51727
860 19163
290 91619
652 18600
813 32365
129 73470
147 58794
613 98399
633 66303
616 44756
744 49619
358 57194
468 76715
812 80601
25 87968
962 40093
678 43555
772 67412
789 34279
414 38782
49 76430
44 56290
273 63799
230 41025
796 50786
658 8660
144 88601
935 40888
37 61253
42 76176
127 32744
442 77613
319 14211
255 54344
431 8802
74 10307
495 73152
498 76586
503 58820
751 53738
557 16093
684 56815
415 28884
621 86266
752 36350
765 20466
667 60652
154 91585
203 95529
244 73918
85 71148
876 56196
273 26128
929 43051
509 10450
118 4053
177 13333
175 40476
233 29466
426 89445
751 44676
561 68185
502 81444
278 95879
554 63497
176 65081
521 391
87 29956
360 20621
523 60261
925 62450
643 19458
8 31260
267 75985
436 98262
656 8998
198 41952
596 6352
590 82951
485 79456
573 2390
543 84027
631 87578
197 43168
83 6956
865 13319
556 18371
686 1022
344 75447
278 72325
466 22264
25 32825
348 91032
55 66194
990 38987
809 34877
479 93277
958 7253
82 22792
27 44236
640 35519
985 91650
310 68546
916 92776
351 93949
824 18069
539 96079
42 48574
972 36353
511 34036
225 42508
220 82094
923 48405
593 57959
251 84297
907 35901
182 45048
609 62981
888 42305
445 65524
754 97718
516 44016
741 5779
394 46037
832 22148
189 74867
100 39106
728 66117
514 40353
325 71027
723 3589
434 77577
726 25418
574 15535
266 89164
678 56431
789 51244
474 55933
257 3752
804 71782
860 15253
232 64188
605 12297
30 35992
125 96276
896 84458
86 33521
228 38369
322 19114
849 83595
684 47880
730 26152
71 33165
504 48724
579 54468
447 90358
691 72343
165 68340
592 73716
902 44810
512 34557
618 68838
540 10029
860 29156
626 24149
12 49501
808 34596
328 35996
153 219
934 33838
287 84761
780 66112
978 84256
113 17532
702 5154
986 93167
427 51005
656 70296
190 17913
303 25870
405 20707
263 63278
219 64032
327 64369
552 28407
529 69116
898 97691
240 22055
871 64685
454 96290
943 48487
487 10764
9 1912
956 8224
686 20165
563 87793
345 57174
911 52689
895 13495
773 92490
871 72045
354 3085
998 6538
779 75331
482 94781
572 16704
171 12741
977 45790
631 68241
733 60332
348 50427
821 61934
658 55322
87 19231
365 54149
722 58416
11 53842
992 42449
649 15708
985 77167
409 71203
321 60467
246 4706
67 43629
514 92767
57 77253
719 53492
321 15667
427 10067
280 66601
533 50592
910 39873
125 79720
97 88209
461 25531
814 83815
255 93920
128 30108
760 8773
192 11618
673 58051
398 86551
6 53137
512 83195
688 7831
433 53486
206 46207
485 59859
889 83522
963 2977
179 7668
24 53258
818 8869
909 91247
205 44779
143 1147
199 50270
964 77484
118 47263
736 68992
323 59255
442 38273
942 16886
320 69746
340 17704
849 17325
783 50055
103 83240
823 92920
392 91486
178 23223
383 9986
211 2157
543 18242
850 17984
281 21462
61 78884
850 29004
949 90904
130 37997
662 70924
866 60000
975 35739
482 10812
450 99312
429 13272
246 78985
426 17979
982 75801
64 43541
521 73668
45 49603
577 45666
477 25791
9 25089
214 93188
438 58400
523 50046
398 8732
183 61532
206 78191
729 55220
72 48107
710 97932
485 84064
842 21382
727 96554
249 59087
915 41948
301 19204
485 80957
434 28950
222 80184
227 75453
565 39727
756 32664
277 40399
735 3371
700 36979
887 29837
45 57040
925 4083
768 78850
147 35969
693 29764
876 8057
983 44184
974 693
480 87457
468 45678
924 83835
871 28653
840 88626
436 47982
600 22636
412 49298
672 11955
866 98423
856 33317
330 91437
273 68872
897 33256
974 11853
224 87800
627 2721
875 18167
786 99946
535 49777
369 30714
628 58219
374 22826
252 2436
110 3823
905 43848
469 42554
504 96986
173 76149
101 65904
158 84141
995 11802
279 53688
534 94181
799 49702
508 9209
627 88754
978 75837
605 25497
797 34445
869 92463
349 77234
267 20659
995 1437
514 3542
952 11244
306 63286
200 63122
829 90588
14 78211
363 8255
39 1728
280 28233
434 39344
573 13056
136 47896
426 73704
607 97305
93 41498
17 90800
960 78516
617 24001
794 61121
114 97728
775 61344
390 62644
922 46945
83 81139
808 40388
239 61940
668 78628
738 47486
343 9431
566 56074
237 29616
308 54188
937 6069
561 3820
987 84256
536 72431
736 81926
437 97848
219 52614
908 66561
825 93421
37 73478
256 82170
259 76886
999 71967
833 78513
357 50477
184 94723
103 87728
205 29954
370 9702
196 43888
323 41813
828 69269
759 96563
688 92667
948 65383
797 23576
821 91353
946 7234
317 68664
80 63507
710 66913
501 36194
66 23833
742 29570
376 4578
752 33685
761 79849
664 66755
780 80493
76 27036
31 52591
16 31645
629 27055
774 51422
38 12979
663 33868
979 66884
33 17561
519 53444
84 17339
351 34636
634 37902
906 8051
988 75923
740 11456
250 74089
86 38025
786 94837
889 12305
563 69482
205 6316
351 67084
296 68400
184 7625
340 89587
852 48448
481 51561
484 89975
791 47882
82 71555
232 66756
767 36234
592 47717
987 22331
918 6550
174 9501
488 25432
222 39882
451 87970
748 64667
998 56813
650 36170
983 39078
164 7722
30 7100
106 19093
653 54562
85 76515
243 35385
514 26955
866 41482
77 72925
2 49597
797 23468
662 69593
263 91703
691 60372
27 93227
541 43440
876 86062
610 86781
552 44953
462 66185
282 96701
415 58329
22 78364
481 25447
40 17346
622 29650
552 1457
494 64877
752 20246
269 87289
516 83299
61 25094
28 19963
735 96304
918 85941
556 33802
474 66977
253 2195
130 35338
138 71274
948 56718
628 28330
107 94849
598 66427
490 95363
597 96448
389 39827
685 24630
279 99394
835 70384
182 83690
18 6307
75 74793
940 2682
31 25667
481 11302
160 29833
254 5629
10 4085
142 63893
402 96950
597 19448
834 25591
778 11002
439 40384
482 63152
294 56092
79 80
478 70342
95 25051
944 86993
975 52386
60 93941
475 62059
671 99063
627 94140
831 68641
40 5377
462 62620
808 88727
830 83359
7 86642
811 72777
203 55384
794 1625
102 38867
190 73320
50 25948
650 67085
864 48020
20 63478
25 12644
565 36207
847 59191
702 61975
142 37594
25 80355
589 64241
699 12871
860 51616
752 88271
190 54818
247 28326
864 56654
692 81094
775 39478
926 63864
269 84854
215 87483
669 8000
620 29592
49 11752
396 28367
390 79743
416 54206
540 83159
166 82180
117 43194
550 35617
43 96179
396 66614
0 55892
425 98899
77 87314
289 69257
538 4488
585 68338
193 95767
751 8646
873 28505
581 63424
695 82693
223 25555
359 12963
528 64301
934 2499
192 60781
709 86917
625 93059
273 14878
574 45744
155 12092
442 84613
719 71395
607 94872
139 61068
365 95813
348 61474
979 98317
191 95785
744 54757
812 84837
305 2886
380 77428
620 34706
5 38592
758 98308
891 92135
613 33166
646 16791
368 22794
737 12241
76 66506
578 14349
444 46386
878 76108
834 13187
97 96066
151 66113
48 98524
851 18762
905 88765
915 88823
980 32201
833 18252
509 16088
203 38548
435 88573
615 69772
560 97566
576 61462
843 78079
824 69647
984 13225
729 69539
534 53559
341 87134
531 4805
579 27550
319 74012
647 77061
410 59422
857 11590
953 83659
895 98136
19 82142
602 35928
921 49728
451 21511
697 32272
249 61462
421 53994
221 88226
783 21234
846 22770
4 1108
901 39151
871 81701
854 72891
215 65388
279 21468
283 5104
768 91711
200 76611
842 43146
12 91782
178 61141
578 29417
540 87019
802 62769
681 94012
448 72121
123 70236
183 22004
145 59182
16 80579
47 82051
862 79617
416 51417
881 34087
370 93857
559 27616
282 90039
670 53874
739 92236
325 6270
613 55096
560 87052
730 20497
832 35665
473 5836
937 26432
1 43365
626 43267
192 75251
966 86736
678 11709
880 20698
318 63139
913 61280
453 48011
138 11339
130 51433
952 58011
218 11623
879 64279
471 91445
315 591
35 96272
840 30127
478 18425
160 73538
55 7811
211 97
300 65944
874 20778
544 84633
21 44139
804 64079
468 121
268 44434
884 23726
107 18920
737 18338
785 48495
469 87231
331 95261
469 34475
675 13723
359 77629
19 47627
801 89672
52 37943
363 78249
707 82500
758 28993
62 75350
437 76461
690 1318
962 49978
272 68319
535 95061
288 31203
561 87207
684 11748
594 23698
569 23755
216 10843
653 21046
800 88638
883 49861
151 46680
657 72935
507 46763
614 21480
601 43038
438 79576
588 35053
741 67550
76 83408
433 3359
429 56103
75 95471
805 59700
878 22744
140 47678
596 91448
954 14530
630 60916
418 98483
348 84892
206 4906
37 92112
956 72506
374 61898
504 80553
790 69235
60 37332
863 33417
363 77096
404 8485
82 53479
56 14645
811 90174
144 8225
908 17878
974 9124
111 55873
255 61258
347 56489
552 49669
586 54455
227 153
970 66199
826 16321
721 75596
54 2516
41 12724
920 34525
249 74238
269 39070
274 83358
90 98760
675 62851
66 58985
664 76072
49 42220
398 19523
386 8064
475 2432
337 24984
338 50885
239 5669
959 82786
791 30468
477 60020
985 47594
254 7081
945 88417
727 45462
599 27924
960 56848
293 41909
857 15110
874 89892
85 17020
849 86861
3 82641
80 93303
697 65127
397 20828
310 61248
807 61585
727 65112
38 96163
119 32864
697 14999
299 30887
13 7904
343 68523
111 70448
366 82383
145 8129
184 67399
40 16744
263 28514
799 29628
214 8708
16 30410
119 11839
362 55978
824 58173
92 70707
219 4019
536 68911
493 51574
500 33841
273 22491
590 82255
887 8804
268 20190
909 18214
405 24136
546 84971
292 10283
397 74008
280 68280
955 1504
346 53551
974 95445
791 69531
297 89457
569 7623
566 78372
73 33174
26 12410
945 66717
135 17831
936 35209
341 32131
942 95445
286 96092
560 51286
838 17906
