2272 221500
9 25
4 84
4 26
3 0
8 51
10 55
7 5
8 43
2 31
3 12
6 43
6 46
8 70
5 16
10 87
1 23
9 89
10 60
5 13
9 88
2 24
5 0
10 57
9 6
2 86
2 78
9 67
8 33
5 56
4 75
9 75
5 53
9 32
4 54
5 1
8 35
8 25
3 92
4 22
10 85
9 63
6 81
4 66
1 58
6 10
8 65
3 41
7 87
6 75
7 4
9 87
7 14
6 30
9 2
4 39
5 48
9 52
2 79
10 55
2 46
3 56
1 36
10 50
3 58
5 32
3 19
7 21
2 5
7 74
7 96
10 35
6 67
6 18
5 78
9 33
9 26
1 29
3 57
4 24
4 47
7 23
1 61
3 19
7 52
9 76
10 49
2 35
6 32
5 13
1 72
8 75
7 64
1 28
5 33
2 59
9 33
9 93
4 36
6 69
1 34
6 6
9 23
5 20
4 53
4 10
2 30
1 34
3 8
5 49
4 68
10 92
4 35
10 24
6 76
4 32
7 87
6 30
10 33
9 43
10 42
2 60
5 16
6 81
9 88
9 20
7 21
2 55
1 94
3 3
7 34
7 22
1 75
5 87
8 92
5 33
1 87
9 61
9 58
10 65
7 91
2 44
10 95
9 30
9 100
3 24
6 87
6 31
8 44
2 13
9 22
3 93
4 7
9 17
7 77
7 24
6 24
4 74
7 93
5 26
1 89
3 12
2 26
6 39
9 45
4 24
2 6
5 59
5 96
5 44
1 83
3 6
7 20
3 60
6 13
8 32
4 3
5 68
3 80
3 4
8 77
2 41
6 53
2 27
5 16
5 30
3 18
7 3
1 6
4 100
9 86
7 10
1 69
1 89
2 60
1 46
8 6
2 34
7 55
10 55
5 20
4 60
1 59
3 36
8 59
9 50
4 50
3 36
4 74
8 51
8 63
6 73
5 80
6 67
2 55
7 46
5 74
6 88
2 60
5 57
4 30
6 50
5 26
10 63
5 82
10 87
6 94
8 71
2 46
8 24
10 27
10 49
7 1
5 47
6 61
8 61
9 1
8 95
6 61
4 9
3 44
5 65
10 22
4 56
6 13
1 32
3 86
10 4
8 86
10 28
7 6
5 51
7 49
9 91
1 33
9 64
9 47
8 88
6 36
7 32
3 89
2 82
1 92
1 76
3 61
3 61
1 82
8 38
10 94
9 96
1 78
1 63
5 16
9 100
10 57
3 84
2 29
7 98
9 92
7 13
7 17
10 65
7 54
3 87
8 72
9 85
3 55
5 51
6 92
9 35
10 4
10 40
2 3
6 68
2 14
10 98
3 11
8 77
1 25
4 64
5 28
10 40
8 58
10 3
5 3
10 27
10 77
7 44
9 23
9 7
5 41
2 97
7 12
7 16
9 24
7 51
3 89
10 2
8 35
10 14
8 58
6 85
7 95
2 24
3 45
3 62
3 11
6 76
9 67
7 28
5 64
6 65
5 10
3 58
1 10
5 59
3 0
2 80
10 19
5 98
4 36
1 80
6 78
5 83
2 6
7 47
6 17
7 2
6 49
6 39
6 34
8 78
5 6
6 6
8 57
7 54
5 58
3 77
6 83
1 74
7 45
9 74
3 48
1 49
3 6
1 63
6 70
1 6
5 65
6 80
3 47
2 85
2 21
5 79
8 15
8 30
2 3
6 38
7 38
9 63
6 60
10 40
7 60
4 100
6 19
1 95
9 28
10 50
9 89
1 62
9 12
6 94
8 21
2 30
10 19
6 32
1 39
1 87
2 55
10 65
5 29
2 38
3 39
4 45
7 65
3 37
3 94
2 13
10 23
3 93
6 64
10 11
5 38
1 53
4 68
5 44
4 93
10 41
8 87
9 11
6 81
4 17
9 77
3 25
4 51
8 16
2 71
6 80
3 65
9 31
10 95
7 30
9 86
1 43
9 3
8 67
5 78
5 24
6 85
9 95
9 6
1 36
3 9
10 67
6 58
4 56
2 86
1 10
1 18
3 4
2 23
2 98
3 78
2 11
8 57
8 35
10 62
9 49
5 18
2 35
8 90
3 26
10 27
2 20
1 37
6 13
5 91
6 41
4 17
1 9
10 56
10 23
5 93
6 97
3 32
7 67
6 18
7 22
3 83
4 87
1 43
4 6
2 19
9 61
7 86
7 95
9 49
6 20
10 36
10 88
4 19
3 40
7 30
5 100
4 38
9 34
6 13
4 57
1 78
8 10
1 19
8 50
3 17
10 85
8 63
2 36
10 77
8 39
1 53
6 19
10 45
3 33
7 64
2 90
4 18
8 69
3 48
4 51
7 85
4 51
6 8
8 47
10 8
2 41
5 5
5 3
1 89
4 62
4 31
8 26
9 34
9 2
9 98
10 20
4 91
9 90
1 6
2 12
1 6
6 59
9 63
2 79
10 82
7 41
8 40
6 30
6 39
7 16
7 66
2 100
10 41
1 28
4 68
9 68
5 85
1 40
3 28
3 4
7 27
1 66
8 48
3 19
3 25
8 22
6 60
3 87
9 42
1 48
9 76
1 93
5 26
7 35
4 74
9 66
7 62
2 5
8 99
9 38
1 28
3 27
3 71
3 44
10 51
7 99
10 56
6 9
6 25
6 91
6 85
4 19
9 44
8 47
7 28
10 89
7 41
1 70
7 35
8 47
8 71
9 93
4 16
3 55
10 71
6 24
9 36
4 2
3 52
2 53
8 78
9 55
6 85
4 3
6 20
7 67
10 50
6 51
4 60
10 14
5 21
6 83
5 19
4 17
6 72
6 72
3 58
1 14
8 97
8 7
4 1
6 22
2 3
3 92
8 65
10 99
2 36
3 50
9 2
5 51
6 77
2 83
2 43
8 30
1 34
1 31
7 19
9 53
7 60
4 22
9 4
1 15
10 6
10 85
10 48
3 78
8 80
5 4
8 51
2 46
2 31
2 73
9 59
9 90
2 58
4 5
4 16
1 86
6 24
10 38
8 5
9 13
7 58
1 30
4 19
4 96
2 15
3 8
8 92
10 78
3 92
10 89
5 77
9 50
3 23
8 37
8 14
2 38
9 51
7 10
9 41
8 32
8 42
10 66
7 23
4 53
1 91
1 43
9 8
3 10
9 77
7 36
7 79
7 10
9 53
7 62
10 87
2 91
4 64
6 17
3 32
2 93
4 98
3 5
7 76
2 77
6 68
2 73
9 69
8 78
8 66
7 34
3 6
3 8
8 90
2 27
3 81
10 27
8 41
5 95
3 90
10 37
1 44
4 52
5 51
4 15
8 34
2 28
4 10
3 37
4 14
2 7
5 30
3 2
10 37
9 84
7 63
5 34
9 73
3 90
1 34
3 7
8 26
2 65
10 99
2 55
1 7
4 79
2 17
7 73
2 35
3 43
8 48
10 12
10 47
1 9
2 73
5 7
1 21
3 12
8 63
9 81
2 84
3 88
5 48
2 46
2 24
6 76
7 37
1 67
9 65
9 57
9 49
9 46
9 92
8 13
6 100
2 36
8 23
7 98
10 45
3 84
6 48
4 29
7 88
2 0
3 76
1 93
10 90
3 11
6 81
1 87
1 75
10 80
8 36
6 54
7 55
2 64
7 68
3 96
1 47
2 10
8 49
5 81
4 14
1 10
9 3
6 3
4 70
7 84
4 29
2 63
5 72
6 95
2 0
3 87
3 88
3 88
2 83
8 73
8 37
2 61
3 55
10 23
3 16
7 96
8 43
10 67
3 23
3 95
4 70
3 63
5 35
1 82
10 5
4 52
4 47
6 84
1 82
5 35
4 66
7 36
8 8
9 48
1 15
7 61
5 35
8 15
8 79
1 38
4 77
4 65
8 67
7 75
4 70
2 1
4 67
7 7
10 80
8 16
2 90
1 23
3 75
2 41
7 81
3 60
6 17
4 69
3 95
6 81
4 41
7 29
8 88
7 36
5 72
4 81
1 89
9 99
9 69
7 74
8 42
8 64
2 23
8 72
6 76
9 20
3 68
8 79
9 93
8 31
2 64
4 86
10 19
1 87
2 61
9 20
8 62
4 97
5 11
7 5
8 19
7 49
8 59
4 41
4 90
2 89
3 23
9 21
8 39
6 74
2 2
7 51
6 99
9 39
3 27
5 42
10 14
8 31
2 25
1 21
5 73
7 7
10 24
2 89
10 49
5 62
8 44
6 54
2 68
4 57
1 8
6 44
10 17
6 54
5 6
10 69
6 47
2 48
7 66
8 81
2 21
1 70
9 26
8 80
3 38
1 71
6 90
5 74
2 99
8 37
10 66
1 48
2 4
6 22
3 15
5 13
3 58
8 90
1 60
5 88
4 99
5 34
7 56
4 8
7 17
4 43
2 85
2 61
2 77
7 57
10 87
5 34
6 60
6 59
9 86
9 28
9 29
10 94
4 12
3 45
10 84
4 34
7 25
6 86
4 51
3 17
4 87
1 86
3 19
9 3
4 26
3 43
2 1
6 73
3 35
9 60
9 9
5 81
10 18
1 93
9 21
4 71
6 73
8 32
6 71
7 18
8 4
1 82
4 83
10 84
10 9
9 65
9 85
6 3
6 84
3 83
6 89
6 32
1 29
7 13
2 93
10 84
6 3
7 76
8 9
4 21
9 16
3 51
1 82
8 36
1 70
7 78
7 97
3 29
3 89
10 34
10 21
4 77
10 18
2 85
3 79
4 21
2 81
7 93
9 80
8 16
3 9
9 26
5 44
3 64
8 92
7 3
9 0
5 41
3 4
7 62
6 26
3 59
9 11
3 10
2 68
5 91
3 18
7 70
1 16
8 49
5 31
10 56
10 36
1 92
8 83
6 0
1 42
3 0
8 34
5 32
9 11
10 43
6 38
2 59
7 57
2 34
6 62
3 85
9 49
6 70
7 86
3 26
2 43
10 61
7 11
1 92
6 74
8 60
7 54
10 58
4 89
3 63
1 9
4 50
6 71
4 54
1 62
6 10
6 22
5 30
7 76
3 18
6 57
10 31
1 45
2 71
9 45
2 7
6 63
3 51
6 65
1 37
4 96
7 16
10 44
6 3
1 23
6 74
9 95
2 95
4 9
6 51
8 71
10 71
8 63
1 95
4 61
10 5
3 29
6 74
10 58
6 77
4 19
9 91
8 72
2 100
8 59
4 6
5 4
5 40
8 66
5 20
4 82
2 15
1 68
1 44
9 22
7 100
8 43
1 20
4 83
2 31
4 60
5 70
5 2
1 33
6 81
3 27
3 24
3 53
1 87
4 15
6 21
5 15
1 16
10 45
7 41
1 67
3 31
1 39
7 38
1 74
3 29
1 96
6 65
7 34
7 23
9 25
9 18
7 7
4 25
7 54
2 72
8 95
3 16
3 94
2 65
5 36
4 1
10 7
3 75
7 27
3 51
10 21
9 76
7 22
6 37
10 14
7 86
7 7
5 39
7 71
1 20
5 69
5 96
4 56
9 84
5 29
5 99
8 99
4 64
1 52
1 36
7 17
5 20
6 49
8 73
9 52
4 30
3 82
3 30
5 8
2 99
7 68
1 87
2 30
3 100
2 70
10 70
5 18
9 59
7 72
8 52
10 30
9 80
6 84
2 38
8 3
5 44
1 99
3 45
2 63
7 3
5 35
2 65
2 43
2 23
7 86
10 61
10 2
7 14
3 67
5 24
9 66
5 66
6 77
4 66
6 94
10 24
2 73
9 10
8 4
4 60
8 53
4 86
7 55
3 80
6 92
7 61
2 23
8 67
1 45
9 69
7 78
3 38
7 47
6 40
7 61
7 43
2 27
9 27
8 76
3 68
3 41
10 48
4 8
1 93
2 72
9 57
1 50
1 77
2 50
2 69
4 18
7 74
2 59
8 55
9 9
10 71
4 96
1 14
5 81
7 18
7 10
4 63
6 92
10 49
9 93
9 8
4 50
4 38
4 20
9 86
8 60
5 88
8 31
3 48
2 4
10 18
6 88
2 58
3 33
3 94
1 8
6 61
3 7
6 69
7 54
3 22
8 83
6 40
2 42
8 13
7 23
4 94
2 3
10 39
10 77
5 98
1 8
4 82
1 9
4 0
8 34
9 32
3 81
3 23
10 16
8 50
2 36
9 18
9 95
7 52
7 46
2 72
3 83
7 74
8 85
1 54
10 57
5 13
6 82
7 53
8 40
6 99
6 7
2 98
3 27
6 10
1 81
1 96
1 60
1 68
1 39
8 15
1 19
10 5
7 81
5 19
6 62
3 78
9 33
7 98
9 86
6 39
4 96
6 32
10 86
5 42
9 11
1 75
5 72
1 31
10 2
4 20
5 74
8 14
2 20
6 33
2 25
3 91
9 88
6 60
2 66
10 17
7 73
2 6
10 72
2 100
4 39
7 41
1 14
8 5
3 93
1 32
2 68
3 78
10 99
8 44
9 62
5 31
8 87
6 21
10 69
10 45
3 0
6 76
4 29
3 96
6 15
1 2
9 11
3 92
5 25
4 66
8 53
8 5
5 56
4 76
5 7
1 13
8 59
7 21
3 60
7 38
4 39
8 64
8 62
10 14
3 91
7 45
1 33
2 39
1 4
9 87
7 22
8 10
7 43
9 91
2 89
3 39
1 23
6 94
1 39
2 25
8 87
3 92
4 72
8 88
5 31
7 92
7 17
10 95
6 29
9 30
2 10
4 10
9 3
9 96
6 10
4 36
10 74
7 41
4 44
10 25
6 20
10 7
8 93
7 53
6 13
3 25
2 80
10 5
9 11
2 49
9 37
4 34
10 53
10 53
2 47
5 58
8 41
10 96
10 79
5 78
7 22
10 72
9 16
10 7
5 92
8 93
3 65
5 3
1 18
4 56
4 11
7 94
5 25
8 1
3 99
3 54
3 92
1 50
3 11
1 92
1 7
4 56
5 74
8 45
10 16
8 34
2 61
3 4
6 72
10 30
6 8
9 65
3 66
6 41
4 20
3 37
8 4
2 26
5 89
3 69
3 50
9 92
6 9
10 73
1 83
10 40
9 3
9 34
1 0
4 10
6 45
9 39
4 31
2 56
7 59
3 71
10 10
3 33
6 73
2 87
8 18
6 70
6 74
5 86
5 97
10 46
4 20
10 18
10 84
5 33
7 4
3 74
3 12
3 45
5 26
7 100
6 49
7 15
10 10
2 3
8 44
4 37
3 69
2 57
8 11
6 54
8 81
4 10
2 24
6 12
2 100
10 63
1 65
9 89
1 33
1 30
7 97
7 9
10 60
1 47
8 18
6 57
7 88
10 35
8 32
8 94
9 56
10 73
10 49
4 46
3 78
2 83
4 100
2 12
5 30
4 12
5 96
9 47
2 11
7 98
3 11
2 75
2 47
2 63
3 91
2 26
3 93
7 55
1 98
3 67
9 18
10 44
1 50
7 3
5 9
8 87
5 87
6 52
6 63
1 94
8 11
10 70
1 83
6 59
8 0
6 38
2 67
2 49
4 87
10 83
4 76
2 30
10 12
9 80
3 17
5 30
8 51
7 31
8 72
3 39
1 10
4 67
4 24
1 92
1 72
10 87
5 100
9 56
9 84
8 48
1 26
6 43
7 50
9 70
6 37
1 33
9 33
8 70
4 98
3 85
5 55
1 80
7 18
8 79
6 50
7 29
1 9
5 86
9 44
9 70
1 70
7 58
1 30
9 96
6 70
10 70
2 55
10 75
5 44
2 49
9 77
1 86
1 61
5 68
5 40
8 65
10 80
4 25
5 95
9 72
10 93
7 62
4 27
6 31
3 75
1 78
8 8
6 56
1 75
5 25
9 77
8 99
3 58
5 35
5 4
7 41
6 27
7 48
7 80
8 76
3 90
4 71
5 52
5 46
4 25
9 87
5 9
2 98
10 84
4 62
6 56
10 48
1 25
2 85
3 68
8 43
4 73
2 46
9 26
5 4
5 69
5 82
2 61
4 25
8 55
5 75
4 23
2 41
2 30
3 20
3 75
7 86
4 78
7 42
9 87
2 64
8 20
7 0
6 78
1 51
10 67
2 3
9 77
6 37
1 20
7 8
8 81
5 18
1 14
6 6
2 32
3 39
1 50
3 38
6 18
6 33
6 5
2 46
10 97
4 80
4 46
10 55
6 23
3 28
2 70
4 3
8 16
5 86
4 93
7 24
9 38
7 62
6 20
6 52
5 100
3 60
5 87
9 79
5 65
6 45
3 29
5 34
5 30
4 93
3 84
4 41
6 35
5 41
2 99
9 61
2 13
5 32
7 37
3 98
3 54
8 51
7 57
5 15
4 41
9 9
9 95
7 26
1 26
3 96
2 4
9 99
6 12
9 76
5 75
8 61
1 29
2 37
6 97
9 7
7 96
7 74
3 55
1 96
2 54
1 54
1 92
10 37
10 89
8 81
7 13
9 70
10 97
6 30
10 96
4 73
10 21
8 17
9 96
10 61
9 84
7 75
8 40
5 14
2 29
6 99
3 70
2 88
4 88
9 59
2 92
5 27
6 98
1 34
1 17
3 76
1 52
2 49
9 69
7 81
2 53
6 8
9 25
2 88
7 23
6 51
8 83
2 34
1 47
8 38
5 18
10 98
3 57
1 94
10 66
5 61
4 67
1 54
6 32
2 51
5 40
1 51
8 14
5 25
10 41
2 16
2 35
7 81
8 70
3 68
9 31
3 2
6 60
2 50
6 48
10 0
7 4
5 34
3 72
8 49
5 20
2 87
7 17
10 87
8 83
9 84
1 14
7 82
4 27
1 53
3 88
1 25
1 49
3 12
7 53
9 7
4 6
10 51
8 49
4 92
1 47
3 19
7 10
5 53
10 100
8 29
6 12
5 82
3 56
3 38
10 72
8 8
2 20
7 4
3 11
1 70
6 61
1 69
3 66
5 26
5 100
10 3
9 44
7 38
8 84
10 20
5 23
7 84
3 64
7 14
10 42
3 86
8 90
10 49
1 100
9 66
8 53
8 1
9 85
4 93
7 40
7 32
6 78
4 88
1 64
1 96
2 7
3 45
9 27
3 22
5 84
3 79
4 47
2 74
8 38
6 8
2 48
8 76
8 14
9 53
7 76
4 58
4 77
8 15
3 31
8 70
8 6
3 2
7 15
7 57
6 54
4 4
3 43
7 65
3 35
5 71
10 12
6 57
3 69
10 80
2 74
6 85
2 86
3 25
5 88
10 3
6 12
1 44
9 58
9 57
3 2
9 81
8 21
8 70
4 27
4 68
6 31
6 40
1 89
10 55
7 39
9 90
4 50
3 90
4 56
3 71
1 40
6 49
3 36
9 84
4 58
1 95
2 24
4 7
6 0
9 87
10 57
5 25
5 67
9 29
6 23
6 5
3 44
2 7
3 75
7 96
6 24
5 49
7 54
7 56
10 41
9 65
3 41
9 2
9 44
4 6
7 66
1 37
6 74
4 50
10 65
5 65
9 13
5 92
9 57
4 31
5 93
4 54
2 74
9 43
6 69
8 24
6 97
2 12
6 63
8 97
7 14
10 90
10 0
9 2
8 62
9 33
7 10
8 61
9 47
4 22
7 84
2 62
2 78
3 33
9 39
2 13
5 39
4 3
9 36
2 46
8 60
1 79
8 75
4 23
10 5
5 78
2 91
10 34
9 0
5 43
8 84
8 17
2 21
2 53
10 28
1 37
2 92
6 50
10 47
5 16
3 37
10 5
1 99
7 78
5 53
3 56
5 13
9 96
4 63
10 72
7 60
8 52
2 66
7 60
7 74
4 64
8 84
9 23
5 9
10 79
8 22
3 65
10 38
3 28
5 40
7 34
9 21
4 57
10 22
7 16
1 43
9 67
9 74
7 0
9 65
9 20
1 72
6 16
4 3
2 53
10 86
4 11
5 20
10 7
4 15
2 17
2 95
2 51
6 28
9 77
7 40
5 18
2 55
7 34
8 5
3 47
4 28
3 70
1 16
4 77
4 50
7 71
2 59
9 78
1 65
8 75
3 10
2 43
7 50
2 45
5 99
9 44
9 16
3 70
9 36
6 89
9 27
8 15
7 29
6 64
9 81
4 22
7 46
5 50
3 74
6 68
5 36
10 9
1 45
10 11
3 36
4 59
4 91
6 6
7 77
9 99
3 11
6 92
7 96
1 92
3 8
9 86
8 94
3 28
2 86
5 74
8 85
6 2
2 59
10 9
10 61
9 55
8 37
1 70
